, Domain,intent,text,centroids_id,dist_score
526,Coronavirus Recommendations,Public Transport,what should i do if i use public transportation,-1,0.9860772790209453
668,About Coronavirus,Latest News,what is the latest news,-1,0.9970182798901501
669,Employer Guidelines,Refusal To Work,Someone in my team doesn't want to go to work because of the pandemic. What can I do?,-1,0.8996547704104036
670,About Coronavirus,Status,whats the status of the virus,-1,0.9843910167579553
671,About Coronavirus,Symptoms,What symptoms do you have when infected with Corona ,-1,0.9535562028172837
672,About Coronavirus,Incubation Period,tell me about the incubation period,-1,0.9842128815720244
673,About Coronavirus,Latest News,What’s the latest news about Corona ,-1,0.9807260006738929
674,Employer Guidelines,Refusal To Travel,Can any of my workers refuse to travel during the pandemic?,-1,0.7641901092761603
675,About Coronavirus,Mortality Rate,how many percent of infecet people die,-1,0.624766372686777
676,About Coronavirus,Methods of Transmission,How do you get infected by Corona ,-1,0.9293830401557619
677,Coronavirus Recommendations,Pet,can i take care of my pet if i get coronavirus,-1,0.9299746786713116
678,Employer Guidelines,Vacation,Can booked vacations be modified during the crisis?,-1,0.7147970705912443
679,About Coronavirus,Coronavirus Versus Influenza,Is Corona similar to influenza,-1,0.7038290231421431
680,Coronavirus Recommendations,Curfew,is there currently a curfew,-1,0.9746513323227818
681,Employer Guidelines,Daycare,what can I do if my employee cannot come to work because of his child's school is closed due to coronavirus,-1,0.9326703694372361
682,Coronavirus Recommendations,Closed Shops,are electronic stores closed due to coronavirus,-1,0.785894394272306
683,About Coronavirus,Treatment,What do the doctors do to people with Corona ,-1,0.9601315177178642
684,About Coronavirus,Pandemic,do you know what a pandemic is,-1,0.9861244484976514
685,Employer Guidelines,Quarantine,What is the procedure if one of my employees is under quarantine? ,-1,0.7720002012594149
686,Contact,Hotline,What is coronavirus hotline?,-1,0.9586535399618633
687,Employer Guidelines,Daycare,Schools are closed and someone in my team has no one to take care of his daughter. Can I do anything about it?,-1,0.9094219849302309
688,Employer Guidelines,Quarantine,One of my employees is lockdown under quarantine. How do I manage the situation?,-1,0.8943201206636696
689,Contact,Hotline,Where can I call?,-1,0.9451535287325377
690,Gatherings,Cancelling Gathering,What are reasons behind the government's decision to cancel gathering of people?,-1,0.674562378784168
691,Gatherings,Arranging Gathering,Shall I cancel if I organize a gathering of people?,-1,0.9464175611808119
692,Gatherings,Gathering Precautions,What are the recommendations if someone organizes a gathering of people?,-1,0.9458480011782169
693,Gatherings,Cancelling Gathering,why are there recommendations about not grouping people?,-1,0.9503807799080802
694,About Coronavirus,Methods of Transmission,How coronavirus transmits from person to person?,-1,0.9641454218660208
667,About Coronavirus,What Do We Know About Coronavirus,How much do we know about Corona ,-1,0.908495833383256
695,About Coronavirus,Treatment,What is the treatment for coronavirus?,-1,0.94524827504608
666,About Coronavirus,Coronavirus Versus Influenza,isnt coronavirus just like to flu?,-1,0.766852629307542
664,About Coronavirus,Treatment,how to treat covid19,-1,1.0009595053703657
635,Coronavirus Recommendations,Public Transport,Are buses and trains still running during coronavirus?,-1,0.9269952563642355
636,Coronavirus Recommendations,Purchasing Groceries,Can I do the grocery shopping?,-1,0.9614378855844133
637,About Coronavirus,Testing,Who has to be tested for Corona ,-1,0.9659287631119838
638,Coronavirus Recommendations,Actions At Home,What can I do at home not to get infected?,-1,0.9370974689113214
639,Coronavirus Recommendations,Educating Children On Coronavirus,What shall I tell my children about coronavirus?,-1,0.9668816179968841
640,Coronavirus Recommendations,Curfew,Is there any lockdown?,-1,0.9565973748713608
641,Coronavirus Recommendations,Student,How can I find recommendations for students during Coronavirus outbreak?,-1,0.935230284283678
642,Coronavirus Recommendations,Border,I have a question about the frontiers locked?,-1,0.7760372254676644
643,Coronavirus Recommendations,Visiting Elderly,Can I visit my elders?,-1,0.9738016910956139
644,Employer Guidelines,Sick Employee,What shall I do if one of my employees got infected?,-1,0.9580642811752169
645,Employer Guidelines,Refusal To Work,"What are my rights, if one of my employees refuses to come to work because of coronavirus?",-1,0.9224295774821751
646,About Coronavirus,Fear,How afraid do I have to be for the Corona virus ,-1,0.9631836139325327
647,Coronavirus Recommendations,Public Transport,can I use the tube during the coronavirus crisis?,-1,0.8043619693190012
648,Coronavirus Recommendations,Citizen,what can i do to minimize spreading the virus,-1,0.9736602347016152
650,Employer Guidelines,Refusal To Travel,Does en employee have a right to refuse to travel for work?,-1,0.8196892360951135
651,About Coronavirus,Incubation Period,How long does it take before you get sick from Corona ,-1,0.9454008747285146
652,About Coronavirus,What Do We Know About Coronavirus,what do we know abt covid-19,-1,0.6819908302616448
653,About Coronavirus,Symptoms,what the symptoms of the virus,-1,0.9757360446337009
654,Coronavirus Recommendations,Actions At Home,Being at home... can I do anything else to protect myself?,-1,0.7899657996512816
656,About Coronavirus,Methods of Transmission,how is it transmitted,-1,1.0053732744087196
657,About Coronavirus,Mortality Rate,How many out of a hundred people will die from Corona ,-1,0.7498219925362306
658,Employer Guidelines,Vacation,Can my employee changed already scheduled vacation because of coronavirus,-1,0.9158109471623245
659,About Coronavirus,Infection Through Food,Can you get Corona from eating take away ,-1,0.836820371019132
660,Coronavirus Recommendations,Educating Children On Coronavirus,How can explain to my girls how they should avoid infection?,-1,0.8579236924412957
661,Coronavirus Recommendations,Student,As an student... what are the recommendations for me during the crisis?,-1,0.9022495416194063
662,About Coronavirus,Infection Of Pets,Can pets be infected by Corona ,-1,0.9488342916048121
663,Employer Guidelines,Sick Employee,what can I do if someone in my team gets the virus?,-1,0.8281099834318923
665,About Coronavirus,What Is Coronavirus,What is Corona ,-1,0.9578435422216994
696,Gatherings,Arranging Gathering,I was preparing like a big meeting. what should I do?,-1,0.7618381474858676
697,About Coronavirus,Coronavirus Versus Influenza,Is coronavirus equal to Influenza?,-1,0.7308192607714237
699,About Coronavirus,Symptoms,What are the main symptoms of coronavirus?,-1,0.6682165862928857
738,Employer Guidelines,Refusal To Travel,Can my employee refuse to travel because of coronavirus?,-1,0.9434345884316184
739,Coronavirus Recommendations,Contact With Infected,What are recommendations for people who were in contact with someone infected with Coronavirus?,-1,0.942502183354388
740,About Coronavirus,Infected Twice,Is it possible to contract coronavirus more than once?,-1,0.9488078744937819
741,Employer Guidelines,Vacation,Does my vacation will changed due to coronavirus?,-1,0.9441483545041461
742,About Coronavirus,Symptoms,Where can I find a list of coronavirus symptoms?,-1,0.7537816212506148
743,Employer Guidelines,Daycare,What to do if my employee cannot work because the kids are not having kindergarten?,-1,0.7980295501539071
744,Employer Guidelines,Quarantine,What to do if my employee is undert quaranteen?,-1,0.5448054032630044
746,Gatherings,Cancelling Gathering,Why government is cancelling social activities?,-1,0.717640415533695
747,Gatherings,Arranging Gathering,What to do if i am organising a gathering of many people?,-1,0.827063862741482
748,About Coronavirus,What Do We Know About Coronavirus,How much do we know about coronavirus?,-1,0.904491442111845
749,Coronavirus Recommendations,Closed Shops,What stores are shut down during coronavirus?,-1,0.8781066463139551
750,Coronavirus Recommendations,Sick Child,Is there some special procedure for people whose kids got infected with coronavirus?,-1,0.6879813629191767
751,About Coronavirus,Incubation Period,How long does it take to have coronavirus symptoms? ,-1,0.9601805604093372
754,Employer Guidelines,Refusal To Work,What are my options is case my employee does not want to come to work due to coronavirus?,-1,0.7985545485387909
755,About Coronavirus,Infection Of Pets,Do cats and dogs get infected with coronavirus?,-1,0.9494475767840788
757,Coronavirus Recommendations,Mask,Should i wear a mask?,-1,0.9836136972677333
758,Coronavirus Recommendations,Swimming Hall,Can i get infected if i go to swimming hall?,-1,0.7589336306161681
760,Coronavirus Recommendations,Returning From Travel,What to do if i am coming back home from abroad?,-1,0.9668962202361844
761,Coronavirus Recommendations,Contact With Infected,"I was in contact with someone infected with coronavirus, what shall I do now?",-1,0.9547446337213271
762,Coronavirus Recommendations,Postponed Surgeries,What type of surgeries has been postponed?,-1,0.9201062384543383
764,Coronavirus Recommendations,Closed Shops,Which shops are closed due to corona?,-1,0.9637270103663872
765,Coronavirus Recommendations,Sick Child,What to do if my child is at risk?,-1,0.9554038481418701
766,About Coronavirus,What Is Coronavirus,What does coronavirus mean?,-1,0.9680263497762815
767,Coronavirus Recommendations,Purchasing Groceries,Can i still do the groceries?,-1,0.9773343813727849
769,Gatherings,Gathering Precautions,What precautions are recommended for people who organize a gathering of people?,-1,0.9471220316990608
771,About Coronavirus,Mortality Rate,How many people die from Coronavirus?,-1,0.9588555292060696
773,About Coronavirus,Mortality Rate,What is the death rate?,-1,0.9508021877420302
737,Coronavirus Recommendations,Sick Child,What can I do if my child gets sick?,-1,0.955972845734592
736,Employer Guidelines,Refusal To Work,What to do if my employee do not want to work because od Coronavirus?,-1,0.7628830310937051
735,Coronavirus Recommendations,Curfew,Has been a curfew introduced already?,-1,0.8730459983938267
734,Employer Guidelines,Sick Employee,What to do if my employee is infected?,-1,0.9379358915484935
700,Gatherings,Gathering Precautions,How can I organise an event?,-1,0.8058728879720113
701,About Coronavirus,Methods of Transmission,How do you catch Corona _,-1,0.9609007610810842
702,About Coronavirus,What Do We Know About Coronavirus,What info about coronavirus you have?,-1,0.7356973428251894
703,About Coronavirus,Infected Twice,Can I be reinfected? ,-1,0.968763223362916
705,Coronavirus Recommendations,Student,what are the reccomendations for students,-1,0.7898750155521248
706,Coronavirus Recommendations,People At Risk,What group of people are of higher risk to get coronavirus?,-1,0.7458664660675098
707,Coronavirus Recommendations,Curfew,can I still go out of home?,-1,0.9539882017642055
709,Coronavirus Recommendations,Pregnant,How should I behave if I am pregnant,-1,0.9781682463233419
711,Coronavirus Recommendations,Closed Shops,will variety stores close due to covid-19,-1,0.8071793127508091
712,About Coronavirus,How Many Infected,how many have tested positive for coronavirus,-1,0.9571724330509358
714,About Coronavirus,Status,what is the current status for the outbreak,-1,0.9761910785973351
715,Coronavirus Recommendations,Purchasing Groceries,can i still get groceries,-1,0.963698276714369
716,About Coronavirus,Status,what is the status for the coronavirus outbreak,-1,0.9650341322723367
634,Coronavirus Recommendations,Sick Child,My girl is sick. how can I take care of her?,-1,0.8314382384599537
717,Coronavirus Recommendations,Closed Shops,will regular stores close due to covid-19,-1,0.8071510281037872
719,Coronavirus Recommendations,Returning From Travel,i just got home from another country. what do i do,-1,0.9433362209915638
721,Coronavirus Recommendations,Closed Shops,which shops will close?,-1,0.9863167571235577
723,Coronavirus Recommendations,Infection Prevention,how do i make sure i don't get infected,-1,0.9501058262864676
724,Coronavirus Recommendations,Student,can you tell me some informationabout student reccomendations,-1,0.756778815370686
725,About Coronavirus,How Many Infected,how many people have been infected globally,-1,0.7481352380525199
726,About Coronavirus,How Many Infected,how many people have been infected with covid-19 globally,-1,0.786939486283483
727,Employer Guidelines,Quarantine,one of my employees have been put inder quarantine. now what,-1,0.6347726061287357
728,Coronavirus Recommendations,Pregnant,should i take extra precautions if im pregnant,-1,0.8512765282453035
729,Coronavirus Recommendations,Returning From Travel,i'm returning from another country. what should i do,-1,0.9207218957560296
730,Coronavirus Recommendations,Actions At Home,Is there anything i can do to decrease the risk on COVID-19 infection?,-1,0.8410629404756201
731,Coronavirus Recommendations,Not At Risk,"im young and healthy, but should i take any precautions",-1,0.822165995082421
732,Coronavirus Recommendations,Educating Children On Coronavirus,How can i educate my child under quarantine?,-1,0.8795916165916159
733,Coronavirus Recommendations,Student,If i am a student will i have classes?,-1,0.7518011642874214
718,About Coronavirus,Latest News,"latest news, please",-1,0.8989133067656927
774,About Coronavirus,Infection Through Food,Is it possible to get infected with coronavirus with food?,-1,0.9469120228700906
633,About Coronavirus,Strategy,What’s the current strategy to prevent Corona from spreading ,-1,0.9627012704301269
630,Coronavirus Recommendations,Closed Shops,what stores are closed during the pandemic?,-1,0.9640711859984905
534,Employer Guidelines,Vacation,Can you change your holiday because of Corona ,-1,0.9035497065747075
535,Employer Guidelines,Refusal To Travel,can my employee refuse to travel?,-1,0.9582796860113884
536,About Coronavirus,What Is Coronavirus,What is the corona virus?,-1,0.9494813400953906
538,Employer Guidelines,Daycare,What can I do if my employees can’t work because of the schools are closed ,-1,0.9461591141243815
539,Employer Guidelines,Vacation,can i change my employee's vacation to now?,-1,0.9340587032175989
540,About Coronavirus,Symptoms,What are the symptoms of having the disease? ,-1,0.9639710622681504
541,Employer Guidelines,Daycare,what can i do if my employee cant work beacuse no one can take care of their child,-1,0.7790888214673569
543,Employer Guidelines,Quarantine,my emplyee is in quarantine. what do i do,-1,0.6720083451987685
544,About Coronavirus,Treatment,How can the Covid 19 been treated?,-1,0.988993478032904
545,Employer Guidelines,Quarantine,What do I have to do for an employee in  quarantine ,-1,0.9665277426242714
546,Contact,Hotline,i want to call a coronavirus hotline,-1,0.9650633736712563
547,About Coronavirus,Coronavirus Versus Influenza,Are coronavirus and influenza the same virus?,-1,0.9505601910281208
548,Gatherings,Cancelling Gathering,why are gatherings being cancelled,-1,0.9575013579186746
549,Coronavirus Recommendations,Illness,What shall I do if I get sick?,-1,0.9611958999265279
550,Contact,Hotline,Where to find a hotline about Corona ,-1,0.9260222991633276
551,About Coronavirus,Latest News,Tell me the latest updates about the corona virus,-1,0.7581166526054423
552,Gatherings,Arranging Gathering,how should i react if i'm arranging a gatering,-1,0.7876132479014047
553,Coronavirus Recommendations,Contact With Infected,What shall I do if I was in contact with  a sick person?,-1,0.9760174305764397
554,About Coronavirus,Status,What is the situation about the coronavirus right now?,-1,0.9432486992025374
555,Gatherings,Gathering Precautions,what can i do to decrease the spread of the virus during my gathering,-1,0.8177438264189768
556,Coronavirus Recommendations,Employer,If I am an employer how can I protect my employees? ,-1,0.9652507376022899
558,About Coronavirus,Strategy,What is the strategy now?,-1,0.9711364337038215
559,Gatherings,Cancelling Gathering,Why do the government advise us not to have parties ,-1,0.8330541203227511
560,About Coronavirus,Fear,how afraid should i be,-1,0.9885246036332772
561,About Coronavirus,Incubation Period,whats the incubation period,-1,0.9977388381738655
562,Coronavirus Recommendations,Citizen,"I want to be a good citizen, what can I do to limit the spread of the virus",-1,0.7506434311341823
563,About Coronavirus,Pandemic,whats a pandemic,-1,0.9976502782189212
533,Employer Guidelines,Refusal To Work,what can i do if an employee is refusing to work,-1,0.952967247424711
564,About Coronavirus,Testing,What people should be tested?,-1,0.9741373040834185
532,Employer Guidelines,Sick Employee,what do i do if someone at work has been infected and i'm their manager,-1,0.790215955241124
530,Coronavirus Recommendations,Student,what am i suppsed to do - im a student,-1,0.8013611444881065
502,Coronavirus Recommendations,Purchasing Groceries,Can I go shopping food when locked down ,-1,0.8435155363573745
503,Coronavirus Recommendations,People At Risk,who is at risk of severe illness,-1,0.8379054183248601
504,Coronavirus Recommendations,Actions If At Risk,im at risk.. what do i do,-1,0.9788338206720436
505,Coronavirus Recommendations,Pregnant,what do i do if im pregnant,-1,0.9892990080253715
506,Coronavirus Recommendations,Children,are children at risk of severe illness,-1,0.8844035677327416
507,Coronavirus Recommendations,Curfew,Am so allowed to leave my home ,-1,0.7820084871798163
508,Coronavirus Recommendations,Mask,am i supposed to wear a mask,-1,0.9812053063988029
509,Coronavirus Recommendations,Swimming Hall,am a at risk of infection if i go swimming?,-1,0.924248173279432
510,Coronavirus Recommendations,Border,Can I cross the border to Germany ,-1,0.7079322027524723
511,Coronavirus Recommendations,Precautions,what should i do if i HAVE to travel soon,-1,0.5570474832768305
512,Coronavirus Recommendations,Visiting Elderly,Can I visit my grandma in the care center ,-1,0.7879965403895324
513,Coronavirus Recommendations,Public Transport,Can I use public transport ,-1,0.9860772790209453
514,Coronavirus Recommendations,Returning From Travel,i just came home from traveling. what should i do,-1,0.7620096189314701
515,Coronavirus Recommendations,Actions At Home,What do I have to do at home to minimize the risk of catching Corona ,-1,0.9470039013966237
516,Coronavirus Recommendations,Postponed Surgeries,what kinds of surgeries are being postponed,-1,0.9757700163174804
517,Coronavirus Recommendations,Closed Shops,which shops are closed?,-1,0.9863167571235577
518,Coronavirus Recommendations,Educating Children On Coronavirus,How do I teach my child about Corona ,-1,0.9349204402764458
519,Coronavirus Recommendations,Sick Child,my kid is sick.. what should i do,-1,0.9714910347578474
520,Coronavirus Recommendations,Purchasing Groceries,can i still buy groceries,-1,0.9588213592207154
522,Coronavirus Recommendations,Border,when does the borders open,-1,0.9501784678492257
523,Coronavirus Recommendations,Student,I am a student what do I do about exams ,-1,0.6415925671085376
524,Coronavirus Recommendations,Visiting Elderly,can i still visit my grandparents ,-1,0.8993969241772148
525,Employer Guidelines,Sick Employee,What do I do if one of my employees has Corona ,-1,0.952221943558178
1051,About Coronavirus,What Is Coronavirus,Can you explain me what is the Corona?,-1,0.9278034411868286
527,Coronavirus Recommendations,Actions At Home,what can i do at home to prevent being infected,-1,0.9625695868854025
528,Employer Guidelines,Refusal To Work,What can I do if my employees refuses to work during lockdown ,-1,0.9678841946042162
529,Coronavirus Recommendations,Educating Children On Coronavirus,how do i talk to a kid about covid-19,-1,0.9383181408610175
531,Employer Guidelines,Refusal To Travel,Is ok for an employee to refuse to travel ,-1,0.87094823602206
565,About Coronavirus,Mortality Rate,how many die of covid-19,-1,0.979285651862119
566,Coronavirus Recommendations,Not At Risk,What can I do if I do not belong to any of risk groups,-1,0.8817210567541018
567,About Coronavirus,Fear,Should I be afraid of the pandemia?,-1,0.8258087573972496
602,Coronavirus Recommendations,Actions If At Risk,"If I am in the risk group, what I shall do to protect myself?",-1,0.961921424421732
603,Coronavirus Recommendations,Not At Risk,I'm not in any risk group. Should I do anything?,-1,0.9490658366684064
604,Coronavirus Recommendations,Infection Prevention,How can I protect myself?,-1,0.9864423476038574
605,Coronavirus Recommendations,Pregnant,"I am pregnant, what shall I do to protect myself from the virus?",-1,0.9748427272066812
607,Coronavirus Recommendations,Children,Are children at higher risk of Coronavirus?,-1,0.7441996109272576
608,Coronavirus Recommendations,Pet,I got infected. What can I do with my cat?,-1,0.9769234043815505
609,Coronavirus Recommendations,People At Risk,Who are really at risk?,-1,0.9013152768941073
610,Coronavirus Recommendations,Mask,Shall I wear a face mask in the public places?,-1,0.8264178345185909
611,Coronavirus Recommendations,Swimming Hall,Can I get infected in the swimming pool?,-1,0.932302821713315
612,Coronavirus Recommendations,Actions If At Risk,I've seen I'm in a risk group. what should I do?,-1,0.7068945942123748
613,Coronavirus Recommendations,Precautions,What shall I do if I need to travel?,-1,0.9728532889275014
614,Coronavirus Recommendations,Returning From Travel,What shall I do if I am coming back from abroad?,-1,0.9707990286241542
615,Coronavirus Recommendations,Pregnant,I'm expecting a baby. what can I do?,-1,0.768183278838297
616,Coronavirus Recommendations,Employer,how do i prevent my employees from getting infected,-1,0.9392114330576972
617,Coronavirus Recommendations,Postponed Surgeries,What types of surgeries have been postponed by hospitals?,-1,0.9552239933268912
618,Coronavirus Recommendations,Children,is there any risk for my kids?,-1,0.9645117761872791
619,Coronavirus Recommendations,Mask,Must a wear a mask?,-1,0.7432541062270108
620,Coronavirus Recommendations,Closed Shops,What shops are closed during Coronavirus pandemic?,-1,0.9687084954594121
621,Coronavirus Recommendations,Swimming Hall,Is it risky to go to a swimming pool?,-1,0.8201596777126298
622,Coronavirus Recommendations,Sick Child,"My child is sick, what shall I do? ",-1,0.9702899442635438
623,Coronavirus Recommendations,Precautions,I'm going to do a trip. how can I protect myself during it?,-1,0.7722585606670728
624,Coronavirus Recommendations,Employer,What do I do to protect my employees from Corona ,-1,0.9581707422218195
625,Coronavirus Recommendations,Purchasing Groceries,Am I allowed to do groceries? ,-1,0.9794138965198264
626,Coronavirus Recommendations,Returning From Travel,I'm coming back from a trip. What should I do?,-1,0.8541600406067918
627,Coronavirus Recommendations,Curfew,Have the authorities introduced a curfew already?,-1,0.9292630685489393
628,Coronavirus Recommendations,Postponed Surgeries,What surgery appointments have been moved?,-1,0.4244054645704768
629,About Coronavirus,Status,What’s status with Corona in Denmark ,-1,0.9336126668379588
601,Coronavirus Recommendations,Contact With Infected,I have been close to a person with Corona what do I do?,-1,0.9369258258873938
600,Coronavirus Recommendations,People At Risk,Who is at risk of getting infected and suffering from coronavirus?,-1,0.6307134827101126
599,Coronavirus Recommendations,Citizen,How can I collaborate to reduce the pandemic? ,-1,0.5392574774015614
598,Coronavirus Recommendations,Illness,What do I do if I am getting ill ,-1,0.9493419072473611
568,About Coronavirus,Infection Through Food,can i get covid-19 from food,-1,0.9586728669108191
569,About Coronavirus,Infection Of Pets,can i accidentally infect my pet with corona,-1,0.6885611864881004
570,About Coronavirus,Incubation Period,How long make take to feel symptoms of having the virus?,-1,0.9533006484334674
571,About Coronavirus,Infected Twice,can people get infected again,-1,0.9394780676002776
574,About Coronavirus,How Many Infected,how many have had coronavirus,-1,0.9578314836941755
575,Coronavirus Recommendations,Health Authority Recommendations,what does the health authority reccomend,-1,0.8870313892537696
576,About Coronavirus,Mortality Rate,How many people die because of the virus?,-1,0.9651961060799081
577,Coronavirus Recommendations,Public Spaces,how should i act in public,-1,0.8454777500068057
578,Gatherings,Arranging Gathering,What do I do if I want to celebrate my birthday ,-1,0.738896713825078
579,About Coronavirus,Infection Through Food,Can I get the virus from the food I eat?,-1,0.9638931254827431
580,Coronavirus Recommendations,Illness,im sick!!! what am a supposed to do?,-1,0.9744253020456586
581,About Coronavirus,Infection Of Pets,Can pets get the virus?,-1,0.9593198639800848
582,Gatherings,Gathering Precautions,What shall I do when having a wedding ,-1,0.6871967175802929
632,Coronavirus Recommendations,Visiting Elderly,Is it safe to visit elderly people in their homes or carehouses?,-1,0.8503047326450202
583,About Coronavirus,Infected Twice,Can you catch Corona more than once ,-1,0.9609007610810842
585,About Coronavirus,Infected Twice,Can recovered people get the coronavirus again?,-1,0.6122015356149848
586,About Coronavirus,How Many Infected,How many people are infected by Corona in Denmark ,-1,0.9134232564804011
587,About Coronavirus,How Many Infected,How many people got the Covid 19?,-1,0.9640606750311808
588,Coronavirus Recommendations,Health Authority Recommendations,What are the recommendations?,-1,0.9582335179265314
589,Coronavirus Recommendations,Public Spaces,How should I behave in public?,-1,0.9767115688278677
590,Coronavirus Recommendations,Health Authority Recommendations,What isPublic Health Service recommendation ,-1,0.6527509953427739
591,Coronavirus Recommendations,Illness,What should I do if I feel symptoms?,-1,0.9762605663344905
592,Coronavirus Recommendations,Public Spaces,What do you recommend when taking public transport ,-1,0.9144494329935565
593,Coronavirus Recommendations,Contact With Infected,I been with an infected person. Should I do anything?,-1,0.9548961218646845
594,Coronavirus Recommendations,Infection Prevention,How can protected myself and not get infected? ,-1,0.9502175625411583
595,Coronavirus Recommendations,Doctor,If I get sick when I should see a doctor?,-1,0.9502242144411108
596,Coronavirus Recommendations,Employer,I own a company? How should I protect my people?,-1,0.7824232571991708
597,Coronavirus Recommendations,Pet,If I am tested positive for Coronavirus what shall I do with my dog?,-1,0.9701606380858976
584,Coronavirus Recommendations,Contact With Infected,my friend just tested positive and we hung out ealier this week. what do i do,-1,0.7215079762872648
501,Coronavirus Recommendations,Sick Child,What do I do if my child gets sick ,-1,0.955972845734592
776,About Coronavirus,Infected Twice,Can i get infected twice?,-1,0.9628823281677202
779,Coronavirus Recommendations,Public Spaces,How should I act in public places?,-1,0.9189108544200453
957,About Coronavirus,Treatment,Is there a cure for the virus?,-1,0.4862864287888104
958,About Coronavirus,Coronavirus Versus Influenza,Is corona different from a normal flu?,-1,0.8571627634413816
959,About Coronavirus,Latest News,Is there any news today?,-1,0.6446015540740913
960,About Coronavirus,Status,What is the status?,-1,0.9881845685110214
961,About Coronavirus,Strategy,How are we making sure the virus doesn’t not spread?,-1,0.9514682480295347
962,About Coronavirus,Testing,Should I get my grandfather tested?,-1,0.6148693500532337
963,About Coronavirus,Fear,Should I be scared?,-1,0.9932348473629733
964,About Coronavirus,Infection Of Pets,Can animals catch the virus?,-1,0.6998204021996154
965,About Coronavirus,Infected Twice,Will I be immune?,-1,0.6419764376464916
966,About Coronavirus,How Many Infected,How many people has gotten the virus ,-1,0.744837654666643
967,Coronavirus Recommendations,Public Spaces,Should I avoid people when I am outside? ,-1,0.9824092712503273
968,About Coronavirus,What Is Coronavirus,Is corona a virus?,-1,0.9494813400953906
969,About Coronavirus,Incubation Period,How long is the period from getting the virus to becoming sick?_,-1,0.7814197209880139
970,Gatherings,Cancelling Gathering,Why does the government recommend to avoid large groups of people? ,-1,0.836627464593446
971,Gatherings,Arranging Gathering,Can I still have a gathering of people? What do I have to do in that case? ,-1,0.804330851176387
972,Gatherings,Gathering Precautions,How do I keep a gathering of people safe? ,-1,0.8429338691352108
973,About Coronavirus,Coronavirus Versus Influenza,Is coronavirus more dangerous than the flu? ,-1,0.917881000180369
974,About Coronavirus,Latest News,What are the news on corona virus? ,-1,0.90465036726634
975,About Coronavirus,Status,What are the statistics about coronavirus?,-1,0.5319282843680422
976,About Coronavirus,Strategy,How do we fight the coronavirus pandemic?,-1,0.619407224460992
977,About Coronavirus,Testing,Who gets tested for the coronavirus?,-1,0.9467004702748596
978,About Coronavirus,Fear,Is the coronavirus bad? ,-1,0.9124920706666855
979,About Coronavirus,Incubation Period,How long do you have until you show symptoms of corona? ,-1,0.8000231244763656
980,About Coronavirus,Pandemic,What is a pandemic and who decides it,-1,0.594149824985569
981,About Coronavirus,Mortality Rate,What is the mortality rate of the coronavirus? Is it worse than the flu?,-1,0.861029944380643
982,About Coronavirus,Infection Through Food,Can you get corona virus from food?,-1,0.9394741960692639
983,About Coronavirus,Infection Of Pets,Can pets get the corona virus? ,-1,0.9459093503442236
956,About Coronavirus,Methods of Transmission,How does the virus travel from people to people?,-1,0.9577873154878048
984,About Coronavirus,Infected Twice,Can you get reinfected with the coronavirus? ,-1,0.9455418908469516
955,About Coronavirus,Symptoms,What symptoms are there?,-1,0.9931510818597324
953,About Coronavirus,Incubation Period,How long does it take to get sick?,-1,0.9568179593688511
926,Employer Guidelines,Refusal To Travel,can employees refuse to travel in this period? Can we force them to do so?,-1,0.9048576542377912
927,Employer Guidelines,Vacation,can employees re-schedule scheduled vacation?,-1,0.9036958393868538
928,Employer Guidelines,Daycare,"our employee is saying that she cannot leave her child alone at home, we don't know what to do",-1,0.7921762465134697
929,Employer Guidelines,Quarantine,"one of us is under quarantine, we would like to know how to proceed",-1,0.8351359930001994
930,Contact,Hotline,please provide me with a number for a hotline of someone I can talk to,-1,0.8932047878101417
931,Gatherings,Cancelling Gathering,are gatherings and meetings allowed?,-1,0.9296837620420796
932,Gatherings,Arranging Gathering,what are the recommended actions to organize a gathering?,-1,0.9423830408156226
933,Gatherings,Gathering Precautions,what are the good directives when organizing a meeting?,-1,0.8054560888904199
934,Coronavirus Recommendations,Public Spaces,"when out there in the street, what are the recommended actions to take?",-1,0.7819036936859026
935,Coronavirus Recommendations,Illness,"I have some symptoms, how do I really know if I've got it?",-1,0.9550674998444119
936,About Coronavirus,Mortality Rate,What’s the death rate of the corona?,-1,0.9425647941776433
937,About Coronavirus,Infection Through Food,Can I get infected by eating?,-1,0.9465222602139687
938,Coronavirus Recommendations,Pet,I’m infected and what should I do with my dog?,-1,0.9798994117989681
939,Coronavirus Recommendations,People At Risk,Which demographics are most prone to catch the disease? ,-1,0.7984803328175585
940,Coronavirus Recommendations,Actions If At Risk,I have a lung disease. What should I do?,-1,0.7837549714333346
941,Coronavirus Recommendations,Pregnant,I am with child and don’t know what to do ,-1,0.9701362772933426
942,Coronavirus Recommendations,Postponed Surgeries,Has cancer treatment been postponed?,-1,0.8115835169068
943,Coronavirus Recommendations,Closed Shops,Are there any shops open right now?,-1,0.96005181544172
944,Coronavirus Recommendations,Sick Child,My kid may be sick from corona. What should I do?,-1,0.7481878390891469
945,Coronavirus Recommendations,Purchasing Groceries,Is it safe to buy food? ,-1,0.9567617701963647
946,Coronavirus Recommendations,Curfew,Am I allowed to go out?,-1,0.9783593328521636
947,Coronavirus Recommendations,Border,Can I travel outside the country?,-1,0.9479506695512749
948,Coronavirus Recommendations,Visiting Elderly,Can I visit my old father? ,-1,0.8218100474580654
949,Coronavirus Recommendations,Public Transport,May I commute via the metro train? ,-1,0.6812579965091957
950,Coronavirus Recommendations,Actions At Home,How can we prevent the virus to spread in our household? ,-1,0.7698080691683407
951,Coronavirus Recommendations,Educating Children On Coronavirus,How can I tell my son about the corona?,-1,0.7674660167593442
952,Coronavirus Recommendations,Student,"I am a student, is it ok to study in groups?",-1,0.7860084044392202
954,About Coronavirus,What Do We Know About Coronavirus,What can you tell me about the corona virus?,-1,0.9516545925267089
985,About Coronavirus,How Many Infected,How many people are sick of corona? ,-1,0.9495350662054557
986,Coronavirus Recommendations,Health Authority Recommendations,What are the health recommendations for coronavirus?,-1,0.8931194852512943
987,Coronavirus Recommendations,Public Spaces,Do I need a mask when I go outside? What are the rules for social distancing?,-1,0.786252341012855
1020,Coronavirus Recommendations,Public Transport,Are the buses still running during COVID-19? ,-1,0.8702025997629417
1021,Coronavirus Recommendations,Children,should i worry about my kids?_,-1,0.9172647857886641
1024,About Coronavirus,Mortality Rate,how many dies from the virus?_,-1,0.9751261374749267
1025,Coronavirus Recommendations,Student,Should i go to school?,-1,0.9104718310938943
1026,Employer Guidelines,Sick Employee,What to do if your employee has tested positive for covid,-1,0.9582727274727249
1027,Employer Guidelines,Refusal To Work,Recommendations for forcing employees for take vacation during covid ,-1,0.8922628075738553
1028,Employer Guidelines,Refusal To Travel,Rules for work travel during corona,-1,0.9315829194304431
1029,Employer Guidelines,Vacation,Can i postpone my vacation,-1,0.842896192429242
1030,Employer Guidelines,Daycare,What to do if employee cannot find daycare,-1,0.7881969330705201
1031,Employer Guidelines,Quarantine,What can i demand of an employee under quarantine,-1,0.69601386508744
1032,Contact,Hotline,Contact ,-1,0.983912347244053
1033,Gatherings,Cancelling Gathering,Why does the government ban gatherings,-1,0.7977335241701348
1034,Gatherings,Arranging Gathering,Rules for gatherings,-1,0.9296677229278565
1035,Coronavirus Recommendations,Educating Children On Coronavirus,What should I explain about coronavirus to my kids?,-1,0.943986611727411
1038,Employer Guidelines,Refusal To Travel,Can anyone in my team refuse to travel during the pandemia?,-1,0.8187409849057149
1039,About Coronavirus,Infection Through Food,Can I get the virus eating?,-1,0.9524884466938263
1040,About Coronavirus,Coronavirus Versus Influenza,"I'm confused, I don't know if corona is related to influenza. Is it the same?",-1,0.6897920409308774
1041,Coronavirus Recommendations,Public Transport,What's the problem of traveling by bus?,-1,0.7645202127796801
1042,Coronavirus Recommendations,People At Risk,Am I at risk?_,-1,0.9653363177836805
1043,About Coronavirus,Infected Twice,can I be infected twice?_,-1,0.9776727700054785
1044,Coronavirus Recommendations,Public Spaces,can I go out?,-1,0.9703810297338886
1045,Contact,Hotline,can I get in touch with a human?,-1,0.964765424054132
1046,About Coronavirus,Infected Twice,can I be infected again?_,-1,0.9601343714320734
1047,About Coronavirus,Infection Of Pets,can my dog get sick?_,-1,0.9726062059885009
1048,Coronavirus Recommendations,Public Transport,What are the rules for using the metro?,-1,0.7975067441770519
1049,Coronavirus Recommendations,Public Transport,What are the rules for using the public transport?,-1,0.9707130778744032
1050,Coronavirus Recommendations,Curfew,can I go out?,-1,0.9703810297338886
1019,Coronavirus Recommendations,Visiting Elderly,Can I visit my older relatives during corona?,-1,0.5743706032489843
1018,Coronavirus Recommendations,Border,Are the borders still open? Who can come into the country?,-1,0.9403617730388807
1017,Coronavirus Recommendations,Curfew,Do I have to stay home after a certain time of day?,-1,0.8558699424877309
1016,Coronavirus Recommendations,Purchasing Groceries,Are supermarkets still open?,-1,0.7819671439598239
988,Coronavirus Recommendations,Illness,can I go to the hospital? ,-1,0.9195423223741359
989,Coronavirus Recommendations,Contact With Infected,What to do if someone I’ve been in contact with has corona?,-1,0.9647537712380747
990,Coronavirus Recommendations,Employer,What are the office rules for coronavirus?,-1,0.9215141793430212
991,Coronavirus Recommendations,Citizen,What can I do to help with coronavirus? ,-1,0.9234613397185556
992,Coronavirus Recommendations,Not At Risk,What to do as a healthy person about the coronavirus pandemic?,-1,0.8162285575693514
993,Coronavirus Recommendations,Infection Prevention,Do I need to wear a mask? How often should I wash my hands?,-1,0.9008133538760267
994,Coronavirus Recommendations,Doctor,Do I go to the doctor if I have corona? ,-1,0.9702634210739017
995,Coronavirus Recommendations,Actions At Home,Do I need to wash my produce? What kind of disinfectant works against corona virus?,-1,0.7611743192544601
996,Coronavirus Recommendations,Educating Children On Coronavirus,What to tell my kids about coronavirus?,-1,0.961882969063545
997,Coronavirus Recommendations,Student,Are schools still open? What should I do as a student with coronavirus,-1,0.9478119746330325
998,Employer Guidelines,Sick Employee,One of my employees has corona. What do I need to do about it?,-1,0.9502141511235813
999,Employer Guidelines,Refusal To Work,Can you fire someone for not coming to work during coronavirus? ,-1,0.9326299635480838
1000,Employer Guidelines,Refusal To Travel,Can you make employees travel for work during corona virus?,-1,0.8893338286172477
925,Employer Guidelines,Refusal To Work,can we force people to work during this period?,-1,0.9068931200838914
1001,Employer Guidelines,Vacation,What are the vacation rules about the corona for companies?,-1,0.8483484254362648
1003,Employer Guidelines,Quarantine,What do I about my employees that are in quarantine? Can they still work? ,-1,0.9529727144749686
1004,Contact,Hotline,What is the coronavirus phone number? What is the coronavirus hotline number,-1,0.9463535851060519
1005,Coronavirus Recommendations,Pet,Can my pet get coronavirus? What to do if I got coronavirus about my cat?,-1,0.9540344439756636
1006,Coronavirus Recommendations,People At Risk,What are the risk groups for COVID-19? ,-1,0.9465254095794357
1007,Coronavirus Recommendations,Actions If At Risk,How to stay safe from corona virus if I am in a risk group?,-1,0.9402372270281228
1008,Coronavirus Recommendations,Pregnant,What do I do if I’m pregnant? Is corona virus dangerous for me? ,-1,0.9322305847131082
1009,Coronavirus Recommendations,Children,Is coronavirus bas for children?,-1,0.6906584726673766
1010,Coronavirus Recommendations,Mask,Do masks help with coronavirus?,-1,0.9164491479476815
1011,Coronavirus Recommendations,Precautions,What to do if I have to travel during corona virus!,-1,0.9493353009646737
1012,Coronavirus Recommendations,Returning From Travel,Do I have to go into quarantine if I come back home from abroad? Is it mandatory?,-1,0.8691460790713474
1013,Coronavirus Recommendations,Postponed Surgeries,Can you still get surgery during corona virus?,-1,0.8540568888555311
1014,Coronavirus Recommendations,Closed Shops,What kind of shops are still allowed CODID-19?,-1,0.8337647620587932
1015,Coronavirus Recommendations,Sick Child,What to do if my kid got corona?,-1,0.9644744353243275
1002,Employer Guidelines,Daycare,What to do when employees have to stay with their kids? ,-1,0.9522315529226126
777,About Coronavirus,How Many Infected,How many people have been infected with Coronavirus?,-1,0.9395918180272342
924,Employer Guidelines,Sick Employee,What are we supposed to do as a company if one of us is infected?,-1,0.8552354951846395
922,Coronavirus Recommendations,Educating Children On Coronavirus,what can we tell to our 5-year-old daughter about COVID-19?,-1,0.878064246785374
822,Coronavirus Recommendations,Actions At Home,What steps I can take at home to prevent coronavirus infection?,-1,0.8498163816291244
824,About Coronavirus,How Many Infected,What is the current number of infected with coronavirus?,-1,0.9368117499696703
826,Coronavirus Recommendations,Sick Child,How should I look after my child that is infected with coronavirus?,-1,0.7189651503215202
827,Coronavirus Recommendations,Visiting Elderly,Are visits to homes of elderly people or care houses banned?,-1,0.8040081407107198
829,About Coronavirus,Infected Twice,Can you catch the coronavirus twice?,-1,0.9735848649089272
831,Coronavirus Recommendations,Closed Shops,What stores are shut down?,-1,0.8834101353218079
832,About Coronavirus,Infection Through Food,can i get covid-19 from meat,-1,0.6047639334765642
833,Employer Guidelines,Refusal To Travel,Can Employees Refuse To Travel Out Of Fear Of Contracting coronavirus?,-1,0.8795773104120983
834,About Coronavirus,Pandemic,can you tell me what a pandemic is,-1,0.9790448161733354
835,About Coronavirus,Mortality Rate,how many die on average of coronavirus,-1,0.7165434124602644
836,About Coronavirus,Coronavirus Versus Influenza,How does coronavirus compare to Influenza?,-1,0.691689408574517
837,About Coronavirus,How Many Infected,how many infected?,-1,0.961920744127285
838,Coronavirus Recommendations,Educating Children On Coronavirus,How to talk to your child on coronavirus?,-1,0.9151279496649976
839,About Coronavirus,Infection Through Food,Can you catch COVID-19 from food?,-1,0.9739065291078755
840,Coronavirus Recommendations,Employer,What are the steps to protect employees during coronavirus?,-1,0.7693710240705847
843,Coronavirus Recommendations,Contact With Infected,What to do if you were potentially exposed to someone with coronavirus?,-1,0.572259634146613
845,Coronavirus Recommendations,Visiting Elderly,can i still visit my grandmother at her house?,-1,0.6303303005120627
846,About Coronavirus,Latest News,what are the latest covid-19 news,-1,0.9874252068124958
847,Coronavirus Recommendations,Not At Risk,What do I have to do if I don't belong to any of the risk groups?,-1,0.8817210567541018
848,Coronavirus Recommendations,Infection Prevention,What guidelines do I have to follow to avoid being infected?,-1,0.7139116443849515
850,Coronavirus Recommendations,Pet,What do I do with my pet if I have tested positive for Coronavirus / COVID-19?,-1,0.9633807393038298
851,Coronavirus Recommendations,People At Risk,What are the main risk groups for the disease?,-1,0.8381270478341465
852,Coronavirus Recommendations,Actions If At Risk,What precautions should I take if I am part of a risk group?,-1,0.968264933298195
854,About Coronavirus,Methods of Transmission,can i catch it if i speak to someone?,-1,0.7814145541126655
855,About Coronavirus,Treatment,is there a vaccine?,-1,0.2460788128010671
856,About Coronavirus,Coronavirus Versus Influenza,is it more serious than the flu?,-1,0.9701554042512311
857,About Coronavirus,Latest News,did the government close the borders?,-1,0.9741112562218762
821,Gatherings,Gathering Precautions,Are there any measures I can take when organizing a gathering of people?,-1,0.8253143755552248
859,About Coronavirus,Strategy,should i avoid people?,-1,0.9740242421540353
820,Coronavirus Recommendations,Postponed Surgeries,What surgeries are postponed because of coronavirus?,-1,0.9295270943786976
818,About Coronavirus,Infected Twice,can someone get coronavirus multiple times?,-1,0.7865327306381009
780,Coronavirus Recommendations,Illness,What to do if i got sick?,-1,0.9731057527564836
781,Coronavirus Recommendations,Contact With Infected,What to do if i have been in touch with an infected person?,-1,0.9109918298800315
783,Coronavirus Recommendations,Citizen,What can i do to minimise the spread of corona?,-1,0.8663507866747114
784,About Coronavirus,What Is Coronavirus,What is the definition of coronavirus?,-1,0.8999142215767016
786,Coronavirus Recommendations,Infection Prevention,What can i do to not get infected?,-1,0.9447096393199065
788,Employer Guidelines,Refusal To Travel,Can my employee say no to travel due to coronavirus?,-1,0.9277067343184926
789,Coronavirus Recommendations,Pet,What to do with my pet if i am tested covid-19 positive?,-1,0.9779883852304663
790,Coronavirus Recommendations,People At Risk,Who are at the highest risk of infection?,-1,0.5741545729321577
792,Coronavirus Recommendations,Public Transport,Can I use public transportation during the coronavirus outbreak?,-1,0.9722354514706472
793,Coronavirus Recommendations,Visiting Elderly,Can i go to visit elderly people?,-1,0.9655946393362719
794,Coronavirus Recommendations,Public Transport,Is public transport working?,-1,0.9099340581446058
795,About Coronavirus,Treatment,How infected people with coronavirus are treated?,-1,0.9522461234216582
796,About Coronavirus,Strategy,What is the strategy against coronavirus?,-1,0.95592795077378
797,About Coronavirus,Testing,Who should be tested against coronavirus?,-1,0.9628523565952231
798,Coronavirus Recommendations,Postponed Surgeries,What kinds of surgeries are postponed for the future?,-1,0.8359965311874783
799,About Coronavirus,Fear,How serious i should be about coronavirus?,-1,0.965240344468402
801,About Coronavirus,Treatment,How coronavirus needs to be treated?,-1,0.9692262201701559
803,About Coronavirus,Coronavirus Versus Influenza,Is coronavirus same as influenza?,-1,0.9578272586439176
805,Coronavirus Recommendations,Actions At Home,What shall I do at my home to decrease the risk of contracting coronavirus?,-1,0.8960213784459549
806,About Coronavirus,Status,What is the status of coronavirus?,-1,0.9676415482921394
807,About Coronavirus,What Is Coronavirus,What is Covid-19?,-1,0.9801576040074877
808,About Coronavirus,What Do We Know About Coronavirus,How much knowledge we already have about coronavirus?,-1,0.8666202037142214
809,About Coronavirus,What Do We Know About Coronavirus,What do you know about covid-19?,-1,0.9786493076715748
812,Coronavirus Recommendations,Actions If At Risk,What is the guidance for people in risk group?,-1,0.7025379210042872
813,Coronavirus Recommendations,Student,What should students do during coronavirus?,-1,0.9461862853605776
814,Coronavirus Recommendations,People At Risk,who are most af risk of getting hospitalized due to covid-19,-1,0.8279823650726441
815,Coronavirus Recommendations,Public Transport,what should i do if i travel by bus every day,-1,0.922426944268515
819,About Coronavirus,Pandemic,What is a pandemic exactly?,-1,0.9977402854332434
860,About Coronavirus,Testing,does my family need to get tested? ,-1,0.8282252974011822
861,About Coronavirus,Fear,am i likely to end up in the hospital or die?,-1,0.85205489492874
862,About Coronavirus,Incubation Period,how long should i self-quarantine?,-1,0.7913859992385884
895,Coronavirus Recommendations,Postponed Surgeries,i had an eye operation scheduled do you think it will happen,-1,0.7126650471950103
896,Coronavirus Recommendations,Educating Children On Coronavirus,my child is scared what do i tell him,-1,0.9802269014108969
897,Coronavirus Recommendations,Student,do i go to classes at uni,-1,0.5964568954240073
898,Employer Guidelines,Sick Employee,my colleague caught the virus shall i stay home?,-1,0.7560816531199446
899,Employer Guidelines,Refusal To Work,"one of my employees has to stay home with the kids, do I fire him?",-1,0.9534737937937426
900,Employer Guidelines,Refusal To Travel,we have a business trip to florida but an employee is scared to come,-1,0.760685360386851
901,Employer Guidelines,Vacation,"i can't go on holiday now, can i change my flight tickets?",-1,0.8071874099554589
902,Coronavirus Recommendations,Closed Shops,can i still buy ice cream,-1,0.7044442500176195
903,Coronavirus Recommendations,Sick Child,"my kid is coughing, does he need to see the doctor or to be taken to the hospital",-1,0.85273748098764
904,Coronavirus Recommendations,Purchasing Groceries,what if i run out of toilet paper,-1,0.6097268796451254
905,Coronavirus Recommendations,Curfew,am i allowed out after 9?,-1,0.9797626866673266
906,Coronavirus Recommendations,Border,can i buy stuff in Germany,-1,0.7482852898974122
907,Coronavirus Recommendations,Visiting Elderly,can i see my grandma ,-1,0.8750901716899719
908,Coronavirus Recommendations,Public Transport,can i take the train?,-1,0.8645729366446286
909,Coronavirus Recommendations,Actions At Home,should i disinfect everything at home?,-1,0.5111738430763307
910,About Coronavirus,What Is Coronavirus,whats corona,-1,0.9809958261955262
911,About Coronavirus,What Do We Know About Coronavirus,can i see the most recent statistics on contagion,-1,0.6947407100748598
912,About Coronavirus,Testing,should everyone get tested,-1,0.6512358427373347
913,Coronavirus Recommendations,Precautions,so do i need to wipe all doorknobs?_,-1,0.4837281923719959
914,About Coronavirus,What Is Coronavirus,what's carona_,-1,0.2417803991851923
915,Coronavirus Recommendations,Sick Child,So... What do we do if our daughter gets it?,-1,0.5789469058769424
916,Coronavirus Recommendations,Purchasing Groceries,Is it still allowed to go out and buy groceries?,-1,0.961349974830899
917,Coronavirus Recommendations,Curfew,are we allowed to go out there? is there any curfew?,-1,0.9851243693584922
918,Coronavirus Recommendations,Border,"based on the news about the border lockout, can we travel abroad?",-1,0.7198905649047127
919,Coronavirus Recommendations,Visiting Elderly,can we go and visit our granny?,-1,0.6638979638076254
920,Coronavirus Recommendations,Public Transport,is it allowed to take buses or trains during this outage?,-1,0.8275396554669082
921,Coronavirus Recommendations,Actions At Home,what can we do here to prevent the spread of it? at home?,-1,0.951411412678819
894,Coronavirus Recommendations,Returning From Travel,"i just came back from france, can i see my sister",-1,0.8105868207279492
893,Coronavirus Recommendations,Precautions,is my Easter flight going to get cancelled,-1,0.6986149437807627
892,Coronavirus Recommendations,Swimming Hall,but i like to swim in the pool,-1,0.9365251269902177
891,Coronavirus Recommendations,Mask,is the mask effective,-1,0.932712452916154
863,About Coronavirus,Pandemic,pnademic what does it mean,-1,0.7776701330825433
864,About Coronavirus,Mortality Rate,how many have died worldwide?,-1,0.888297107251767
865,About Coronavirus,Infection Through Food,if i get takeaway am i at risk?,-1,0.6522553037632316
866,About Coronavirus,Infection Of Pets,is my cat at risk,-1,0.9692836530463358
867,About Coronavirus,Infected Twice,are there different strands of the virus? does one build immunity?,-1,0.767492388218073
868,About Coronavirus,How Many Infected,people infected worldwide,-1,0.8332258919143154
869,Coronavirus Recommendations,Health Authority Recommendations,what does the government recommend to do?,-1,0.9749785741949758
870,Coronavirus Recommendations,Public Spaces,should i wear mask and gloves,-1,0.7432590217532156
871,Coronavirus Recommendations,Illness,i have a cough but i don't know if it's corona,-1,0.7150222752642988
872,Coronavirus Recommendations,Contact With Infected,my boyfriend is positive what do i do,-1,0.7001928612880983
873,Coronavirus Recommendations,Employer,should i close the office,-1,0.9244889973377757
874,Coronavirus Recommendations,Citizen,do i need to quarantine,-1,0.9703650113986699
875,Coronavirus Recommendations,Not At Risk,i'm low risk but am i still in danger?,-1,0.7856511247710055
923,Coronavirus Recommendations,Student,what am I supposed to do as a student?,-1,0.974781461543094
876,Coronavirus Recommendations,Visiting Elderly,can i still visit elderly family,-1,0.9137619536361249
878,Coronavirus Recommendations,Doctor,should i get tested for corona? ,-1,0.949916691887293
879,Employer Guidelines,Daycare,someone in my office can't work because they are babysitting,-1,0.8341051165694047
880,Coronavirus Recommendations,Public Transport,i take the train to work every day,-1,0.906192218633848
881,Employer Guidelines,Quarantine,"my colleague is in lockdown, when can he be back in the office?",-1,0.8909037262727204
882,Contact,Hotline,is there a number for questions,-1,0.8772609035297307
883,Gatherings,Cancelling Gathering,why can't i go to a festival,-1,0.5305025760793182
884,Gatherings,Arranging Gathering,it's my graduation can i celebrate with my friends,-1,0.7775477079722025
885,Gatherings,Gathering Precautions,if i have a dinner at my place do we need to be 2m apart?,-1,0.6985927618433467
886,Coronavirus Recommendations,Pet,can my bird catch the corona if i have it,-1,0.6770258671862885
887,Coronavirus Recommendations,People At Risk,is grandma or grandpa in danger,-1,0.7819070820332206
888,Coronavirus Recommendations,Actions If At Risk,i'm 28 am i gonna catch it,-1,0.5367950895452425
889,Coronavirus Recommendations,Pregnant,"i've got a baby on the way, what to do",-1,0.8456543954519093
890,Coronavirus Recommendations,Children,should i send the kids to kindergarten,-1,0.8386723825618994
877,Coronavirus Recommendations,Infection Prevention,if i wash my hands am i safe?,-1,0.9013070339763561
500,Coronavirus Recommendations,Pet,im positive. what about my pet?,-1,0.9856456399032912
1052,Coronavirus Recommendations,Contact With Infected,What do I do if my neighboor has been tested positive for COVID?,-1,0.7573823887330297
498,Coronavirus Recommendations,Closed Shops,What shops has been closed during the lockdown  ,-1,0.9779004650071271
188,Employer Guidelines,Vacation,can agreed vacation be changed if an employee cant take vacation due to coronavirus,-1,0.8181302381532287
189,Employer Guidelines,Daycare,as an employer. what can i do if an employee cant send children to school or daycare,-1,0.8551834733265761
190,Employer Guidelines,Quarantine,what do i do as an employer if one of staff is in querantine,-1,0.771138465196316
191,Gatherings,Cancelling Gathering,why is the government saying larger events has to be cancelled?,-1,0.8967876028094458
192,Gatherings,Arranging Gathering,what do I do if i am planning an event,-1,0.898035680116563
193,Gatherings,Gathering Precautions,what precorsiens do i have to make if i am hosting an event,-1,0.6737043040932971
194,Coronavirus Recommendations,Postponed Surgeries,what kind of surgery is being postponed,-1,0.9757700163174804
195,Coronavirus Recommendations,Closed Shops,what kind of stores are closed due to covid19,-1,0.9580150873337682
197,About Coronavirus,What Do We Know About Coronavirus,what do you know about coroa´navirus?,-1,0.4772602714857899
198,About Coronavirus,Symptoms,what kind of symptomps do you have if infected by covis19,-1,0.759535396043784
199,About Coronavirus,Methods of Transmission,how does coronavirus infect?,-1,0.9362384723154827
200,About Coronavirus,Fear,how scared should i be for coronavirus,-1,0.9727848387146913
201,About Coronavirus,Incubation Period,how long time does it take before i get infected until it is shown in a test?,-1,0.8311400874403083
202,About Coronavirus,Pandemic,what is a pandemi?,-1,0.8629283911266419
203,About Coronavirus,Mortality Rate,how highg is the mortality with covid19,-1,0.7049627314334485
204,About Coronavirus,Infection Through Food,can i get infected eating food?,-1,0.9588309063321468
205,About Coronavirus,Infection Of Pets,can pets get infected by the virus?,-1,0.9468314665106821
206,About Coronavirus,Infected Twice,can a person get the infection more than one time?,-1,0.924921022891251
207,About Coronavirus,How Many Infected,how many people are infected with coronvirus ,-1,0.7514083346826288
208,Coronavirus Recommendations,Health Authority Recommendations,what are the recommendations by the authorities,-1,0.8817480904878608
209,Coronavirus Recommendations,Public Spaces,i would like to get recommendations on how to behave in the public,-1,0.9384277059442998
210,Coronavirus Recommendations,Illness,what do i do if i fall sick,-1,0.5418246154912547
211,Coronavirus Recommendations,Contact With Infected,what do i do if a person in my family is tested positive for covid19,-1,0.8895663644993249
212,Coronavirus Recommendations,Employer,how do I as an employer protect my staff,-1,0.8689183416054247
213,Coronavirus Recommendations,Citizen,how can I as an citizen minimise the spread of the virus,-1,0.887933197536833
187,Employer Guidelines,Refusal To Travel,can an eomployee fefuse to travel because of coronavirus,-1,0.46304908122682403
186,Employer Guidelines,Refusal To Work,what can i do as an employer if one of my staff refuses to go to work,-1,0.9127763237966271
185,Employer Guidelines,Sick Employee,what do i do as an employer if an employee is infected,-1,0.9378911588766494
184,Coronavirus Recommendations,Student,i would like information for students during the pandemi,-1,0.9181587855823786
153,Coronavirus Recommendations,Postponed Surgeries,Will I still be able to have my hip replacement?,-1,0.44586462818325956
154,Coronavirus Recommendations,Closed Shops,What's stores are closed?,-1,0.951632869788763
155,Coronavirus Recommendations,Sick Child,What do I need to do with my kid has fever?,-1,0.717752373766267
156,Coronavirus Recommendations,Purchasing Groceries,Is it safe to go to the grocery store?,-1,0.9583080587071765
159,Coronavirus Recommendations,Visiting Elderly,Can I still visit my grandparents?,-1,0.8993969241772148
160,Coronavirus Recommendations,Public Transport,Is it safe to take the bus?,-1,0.9289325671164006
161,Coronavirus Recommendations,Actions At Home,Is there anything I need to do while at hom to be safe?,-1,0.8142843102861488
162,Coronavirus Recommendations,Educating Children On Coronavirus,Should I tell my kid about corona?,-1,0.9633829396768004
163,Coronavirus Recommendations,Student,How can I continue my education during the pandemic?,-1,0.6784343460909585
164,Employer Guidelines,Sick Employee,What are the signs someone has coronavirus?,-1,0.6535413041578769
165,Contact,Hotline,i would like to get hold of the hotline,-1,0.8267964897879414
166,About Coronavirus,Fear,Is coronavirus so serious? How worried should I be?,-1,0.9556122359534394
214,Coronavirus Recommendations,Not At Risk,what can i do if i am not in the known risk groups,-1,0.754970413728571
167,About Coronavirus,Incubation Period,How long does it take for me to feel sick after I catch coronavirus?,-1,0.9637584176509016
169,About Coronavirus,Mortality Rate,How often do people die from coronavirus?,-1,0.754764075555531
170,About Coronavirus,Infection Through Food,Can I catch coronavirus from eating takeout?,-1,0.8180204104326725
171,About Coronavirus,Infection Of Pets,Can my dog catch the virus?,-1,0.977471125327185
172,About Coronavirus,Infected Twice,"If someone has gotten the virus, can they catch it again?",-1,0.7935213139392601
174,About Coronavirus,Latest News,Send me information on corona virus,-1,0.8310828248641178
175,About Coronavirus,Status,what is the status on corona virus,-1,0.9612369236168342
176,Coronavirus Recommendations,Sick Child,what do i do if my kid is sick,-1,0.9714910347578474
177,Coronavirus Recommendations,Purchasing Groceries,can i still go shopping,-1,0.9532194831750141
180,Coronavirus Recommendations,Visiting Elderly,can i still visit elderly in their home ,-1,0.9583601107872914
181,Coronavirus Recommendations,Public Transport,can i still use publictransport,-1,0.6859362727694445
182,Coronavirus Recommendations,Actions At Home,how can i reduce risk at home,-1,0.7052034221300783
183,Coronavirus Recommendations,Educating Children On Coronavirus,how can i teach my child about covid19,-1,0.9394957593196716
168,About Coronavirus,Pandemic,What does it mean when it says pandemic?,-1,0.9646185643751063
215,Coronavirus Recommendations,Infection Prevention,how can i prevent getting infected,-1,0.9519106685289331
216,Coronavirus Recommendations,Doctor,when should i see my doctor?,-1,0.9616356185330325
217,Coronavirus Recommendations,Pet,what do i do with my pet if i am tested positive?,-1,0.9850930809656582
499,Coronavirus Recommendations,Doctor,should i see a doctor,-1,0.9616356185330325
250,Coronavirus Recommendations,Student,"i am a student, how will you advice me in these times?",-1,0.794825741090702
251,Employer Guidelines,Sick Employee,"one of my employees tells me that he is sick but he doesn't know if it is corono, what do I do? do I send him home just like that?",-1,0.8392902477381436
252,Employer Guidelines,Refusal To Work,"one of my employees are refusing to work due to fear of getting sick, can I fire him?",-1,0.8938795386929922
253,Employer Guidelines,Refusal To Travel,"one of my guys refuses to go abroad, can he refuse to do that?",-1,0.8550790116135458
254,Employer Guidelines,Vacation,can holiday plans be changed due to corona?,-1,0.9239452058046839
255,Employer Guidelines,Daycare,"my employees are home with their kids these days and that clearly shows on their work, what can I do so it doesn't ruin my business?",-1,0.6569402995214957
256,Employer Guidelines,Quarantine,"my employee is under quarantine, what now?",-1,0.9665277426242714
257,Contact,Hotline,i'd rather talk to a doctor,-1,0.8369208645586532
258,Coronavirus Recommendations,Sick Child,What can I do if my child is sick?,-1,0.96873540816328
259,Coronavirus Recommendations,Purchasing Groceries,Can I purchase groceries?,-1,0.7260044185317367
260,Coronavirus Recommendations,Curfew,Is there a curfew in effect?,-1,0.9673640005490066
248,Coronavirus Recommendations,Actions At Home,what can I do at home to minimize the risk of getting sick,-1,0.9388289126865869
261,Gatherings,Cancelling Gathering,what is the point of the government not allowing big gatherings over 50 when 49 people is bad enough?,-1,0.7908972654047582
264,Coronavirus Recommendations,Public Transport,What is the bus frequency during COVID-19?,-1,0.7681651065285815
265,Coronavirus Recommendations,Actions At Home,Do I need to take some special actions at home to decrease the risk of contracting COVID-19?,-1,0.886154202969252
266,Coronavirus Recommendations,Educating Children On Coronavirus,Should I be educating the same way my child during the COVID-19?,-1,0.8026973232681074
267,Gatherings,Cancelling Gathering,Why is it recommended that larger group meetings are cancelled?,-1,0.8767269183441264
268,Gatherings,Arranging Gathering,I'm an event organizer. How should I react or plan?,-1,0.9355869748698411
269,Gatherings,Arranging Gathering,"I am a event manager for a night club in cph with the new rules, can i then arrange club nigths?",-1,0.6009962628178235
270,Coronavirus Recommendations,Student,What are the recommendations for the students during COVID-19?,-1,0.9686084643194918
271,Employer Guidelines,Sick Employee,What can I do if one of my employees has been infected?,-1,0.9528729965669924
272,Gatherings,Gathering Precautions,I am arranging a gathering for 20 bridge game members. can I still go through with the event?,-1,0.7155235576571498
273,Employer Guidelines,Refusal To Work,What can I do if one of my employees is refusing to work due to COVID-19?,-1,0.948617071689137
274,Coronavirus Recommendations,Infection Prevention,they say that masks don't really help. What can I do to protect myself then? I need to do groceries and live.,-1,0.9065383300083723
275,Employer Guidelines,Refusal To Travel,Can an employee refuse to travel due to Coronavirus?,-1,0.9399863921349145
263,Coronavirus Recommendations,Visiting Elderly,Can I visit elderly people?,-1,0.9712948416515665
152,Coronavirus Recommendations,Returning From Travel,Do I need to tell a doctor or health care provider if I just came back from France?,-1,0.8760269682227909
247,Coronavirus Recommendations,Public Transport,is it a bad idea to use public transport,-1,0.8803341588188027
245,Coronavirus Recommendations,Border,who is allowed to cross the borders? what if I'm just going on a short visit to my mom?,-1,0.7171700884098456
218,Coronavirus Recommendations,People At Risk,who is at risk getting the virus and hence become sick?,-1,0.6102972571424811
219,Coronavirus Recommendations,Actions If At Risk,what do I do if I am in the the riskgroup,-1,0.20526736746857935
221,Coronavirus Recommendations,Children,are kids in a high risk getting infected?,-1,0.711364230657705
222,Coronavirus Recommendations,Mask,am i supposed to wear a mask?,-1,0.9812053063988029
223,Coronavirus Recommendations,Swimming Hall,am I at risk to get infected swimming in a public pool?,-1,0.9215142384478837
224,Coronavirus Recommendations,Precautions,what precautions should i make if travelling,-1,0.9095840845810357
225,Coronavirus Recommendations,Actions If At Risk,What should I do if i'm a person who is more vulnerable than others,-1,0.5997389886927125
226,Coronavirus Recommendations,Returning From Travel,what do I do if i am returning from abroad?,-1,0.9603072879206989
227,About Coronavirus,Strategy,wht is the current startegy?,-1,0.5549641810709784
228,About Coronavirus,Testing,who should get a test?,-1,0.9670074537376598
229,Coronavirus Recommendations,Pregnant,"i'm having a baby, should I be worried?",-1,0.9566505714932679
230,About Coronavirus,Latest News,what are the latest news about covid19?,-1,0.9970182798901501
246,Coronavirus Recommendations,Visiting Elderly,am I still allowed to visit my grandparents at their house or retirement home,-1,0.8153870150636504
231,Coronavirus Recommendations,Children,are kids also part of the group of people more vulnerable to corona?,-1,0.7744400682932251
233,Coronavirus Recommendations,Mask,is it really necessary to wear a mask?,-1,0.825920930443533
234,About Coronavirus,Treatment,how is covid19 treated?,-1,1.0009595053703657
235,About Coronavirus,Coronavirus Versus Influenza,is covid19 the same as a normal flu?,-1,0.8671766465866948
236,Coronavirus Recommendations,Swimming Hall,If I swim in a public swimming pool am I then puttingmyself at risk,-1,0.8749175630032692
237,Coronavirus Recommendations,Pet,what do i do with my pet if I am tested positive?,-1,0.9850930809656582
238,Coronavirus Recommendations,Precautions,"i'm going travelling, do I need to take any precautions?",-1,0.9625064958379059
239,Coronavirus Recommendations,Returning From Travel,what do I need to do when I retun from a nother country ,-1,0.6043002293652844
240,Coronavirus Recommendations,Postponed Surgeries,"i'm supposed to go into surgery next week, what operations have been postponed sofar?",-1,0.7705703842131469
241,Coronavirus Recommendations,Closed Shops,which shops are closed these days?,-1,0.9015228258196937
242,Coronavirus Recommendations,Sick Child,"my child is sick, how do I know if it is corona?",-1,0.9568345207816945
243,Coronavirus Recommendations,Purchasing Groceries,am I still allowed to go groceri shopping,-1,0.9753862100260264
244,Coronavirus Recommendations,Curfew,am I allowed to go outside?,-1,0.9838888606025696
232,About Coronavirus,Status,what is the latest status on covid19?,-1,0.9365322036753303
276,Coronavirus Recommendations,Doctor,"I have started coughing, when should a call the doctor?",-1,0.8317945257331897
151,Coronavirus Recommendations,Precautions,What do I need to do to be safe while traveling?,-1,0.9576023538677716
147,About Coronavirus,Methods of Transmission,how do i get it?,-1,0.9582136089547694
35,Coronavirus Recommendations,Actions If At Risk,who should I avoid to not get corona?,-1,0.9504157567305147
36,Coronavirus Recommendations,Pregnant,am I at risk if I am preganant and get corona?,-1,0.6156685954107873
37,Coronavirus Recommendations,Children,what are the chances for a kid with corona to die?,-1,0.7463992932849506
38,Coronavirus Recommendations,Mask,should I wear a mask every time I go out?,-1,0.868273490937791
39,Coronavirus Recommendations,Swimming Hall,is is possible to get infected with corona if i go swimming?,-1,0.9278969809578468
40,Coronavirus Recommendations,Precautions,how can i prevent getting corona while travelling?,-1,0.9475528128531777
41,Employer Guidelines,Sick Employee,what should my direct report do if he is infected with corona virus?,-1,0.5402572571048908
42,Employer Guidelines,Refusal To Work,does my employees have the right to refuse working because of COVID 19,-1,0.9541260085972509
43,Employer Guidelines,Refusal To Travel,are my employees allowed to refuse travelling because of corona?,-1,0.9504644447489354
44,Employer Guidelines,Vacation,can my employees reschedule their vacation because of covid 19?,-1,0.8231564647048468
45,Employer Guidelines,Daycare,what if my employees can't work because their kids are at home,-1,0.9508565811842166
46,Employer Guidelines,Quarantine,"if one my employees has corona, does he have to work from home",-1,0.9434531728046699
47,Contact,Hotline,what's the phone number where i can find more information about corona,-1,0.8555035714237164
48,Gatherings,Cancelling Gathering,what are the government recommendation in denmark? ,-1,0.9537302671871536
49,Gatherings,Arranging Gathering,are there any rules when arranging a meeting? ,-1,0.9326079174327121
50,Gatherings,Gathering Precautions,what are the rules to follow when scheduling a meeting? ,-1,0.9405919390348921
51,Coronavirus Recommendations,Returning From Travel,what should i do after getting back home from another country? ,-1,0.9187590820246331
52,Coronavirus Recommendations,Employer,what is the employer supposed to do to protect the employees? ,-1,0.9732496246268375
53,Coronavirus Recommendations,Citizen,can i take an action to minimize the spead of coronavirus? ,-1,0.8130487787183804
54,Coronavirus Recommendations,Not At Risk,is there anything I should do if i am not risky,-1,0.754670835401481
55,Coronavirus Recommendations,Infection Prevention,how can I prevent getting infected with coronavirus?,-1,0.9357919080852963
57,About Coronavirus,Latest News,what is the current number of cases in the world?,-1,0.7111249884634119
58,About Coronavirus,Status,what's the current status of covid 19? ,-1,0.9674876820299924
59,About Coronavirus,Strategy,how will covid 19 be stopped?,-1,0.8586814079974789
60,About Coronavirus,Testing,can anyone be tested for corona`,-1,0.7652067236106007
34,Coronavirus Recommendations,People At Risk,who is at risk of getting corona virus?,-1,0.9289571612995805
32,Coronavirus Recommendations,Health Authority Recommendations,what is the government recommending?,-1,0.9749785741949758
31,Gatherings,Gathering Precautions,Is there anyhting I can do to prevent spread of the virus during my party?,-1,0.7947628693172211
30,Gatherings,Arranging Gathering,should I cancel my birthday party?,-1,0.8561913230242035
2,Coronavirus Recommendations,Actions If At Risk,What to do if I'm one of the people with a risk profile?,-1,0.724451935901392
3,Coronavirus Recommendations,Pregnant,What to do as a pregnant woman?,-1,0.7039519597785434
4,Employer Guidelines,Refusal To Travel,Can an employee say that they dont want to travel because of coronavirus?,-1,0.840297267486635
6,About Coronavirus,Fear,Will I die?,-1,0.9726421929286322
8,Coronavirus Recommendations,Public Spaces,What to do when outside?,-1,0.9915002485928411
9,Coronavirus Recommendations,Illness,I'm sick wtf do i do?,-1,0.5437006361994386
10,Coronavirus Recommendations,Illness,i dont know what to do now that I am sick,-1,0.7174307870998706
11,Coronavirus Recommendations,Contact With Infected,What should I do because I touched someone who are sick with corona,-1,0.9051309967788578
12,Coronavirus Recommendations,Employer,How do I do to help my employes with corona?,-1,0.9457421958989533
13,Coronavirus Recommendations,Citizen,waht should i do to minimise the spread?,-1,0.7664030794284528
14,Coronavirus Recommendations,Not At Risk,"I am not at risk, is there anything I should do?",-1,0.9590032600390046
15,Coronavirus Recommendations,Infection Prevention,how can I avoid being infected?,-1,0.9633482563298872
61,About Coronavirus,Fear,how dangerous is coronvirus?,-1,0.837209626006966
16,Coronavirus Recommendations,Doctor,at what point should I seek medical help?,-1,0.6803367849237857
18,Coronavirus Recommendations,Mask,should I be wearing a mask when I am outside?,-1,0.9848527515660276
19,Coronavirus Recommendations,Swimming Hall,is it safe to use a public swimming pool?,-1,0.9237902765020911
20,Coronavirus Recommendations,Precautions,What should I be careful with when travelling?,-1,0.9249140687718344
21,Coronavirus Recommendations,Returning From Travel,I have come back from travelling and I am not sure what to do?,-1,0.8786507269125531
22,Employer Guidelines,Sick Employee,what should I do as one of my employees are sick?,-1,0.9618167010784411
23,Employer Guidelines,Refusal To Work,what are my rights when an employee refuses to work because of the virus?,-1,0.9494339631627254
24,Employer Guidelines,Refusal To Travel,Can an employee say no to travelling for work because of the corona?,-1,0.9266947751280816
25,Employer Guidelines,Vacation,can we reschedule a vacation for an employee due to the corona virus?,-1,0.8476415122087144
26,Employer Guidelines,Daycare,my employe can not get her kids look after and I don't know what to do?,-1,0.8297347227914598
27,Employer Guidelines,Quarantine,what should a person do when under quaranteen?,-1,0.7703661460964818
28,Contact,Hotline,ho can I get in touch with you fast?,-1,0.8192637081208604
29,Gatherings,Cancelling Gathering,we can we not meet up in crowds?,-1,0.7587377088068854
17,Coronavirus Recommendations,Children,is my son at risk of being infected?,-1,0.6642723400921068
62,Coronavirus Recommendations,Health Authority Recommendations,what are the heath authorities recommendations in denmark? ,-1,0.8821771923432816
63,Coronavirus Recommendations,Public Spaces,what are the rules to follow in public? ,-1,0.8863429434865441
64,Coronavirus Recommendations,Illness,what should I do if I feel sick?,-1,0.9675733758739048
99,Employer Guidelines,Daycare,fire them,-1,0.9418822620027033
100,Employer Guidelines,Quarantine,fire them,-1,0.9418822620027033
101,Contact,Hotline,can i call a hotline,-1,0.9816572567248028
102,Gatherings,Cancelling Gathering,because they have seen thousands of deaths,-1,0.7196621417326807
103,Gatherings,Arranging Gathering,make sure not to do this,-1,0.9691952889631895
104,Gatherings,Gathering Precautions,make sure to shoot them all afterwards,-1,0.8267253474940361
105,Coronavirus Recommendations,Contact With Infected,pray,-1,1.000652233956211
108,About Coronavirus,Status,Status of COVID-19,-1,0.9804475341997932
111,About Coronavirus,Fear,How fearful should I be of Coronavirus?,-1,0.5756349510297135
113,Coronavirus Recommendations,Public Spaces,How should I behave when I’m with other people in public?,-1,0.9704269448086468
114,Coronavirus Recommendations,Illness,Steps I should take when I contract the virus,-1,0.866828289498874
115,Coronavirus Recommendations,Contact With Infected,When I’ve been in contact with somebody who has the virus what should I do?,-1,0.7399443280888471
97,Employer Guidelines,Refusal To Travel,they can refuse unless they want to keep their job.,-1,0.7156108074672877
116,Coronavirus Recommendations,Employer,What are my responsibilities as an employer when responding to this crisis?,-1,0.7170479832000006
118,About Coronavirus,Latest News,What is total number of deaths due to Corona virus?,-1,0.8320189300546239
119,About Coronavirus,Status,Which country has the most number of casualties due to Corona virus?,-1,0.7896707070149005
121,About Coronavirus,Treatment,what do the doctors do if i have it?,-1,0.9874200126089018
122,About Coronavirus,What Is Coronavirus,Do you want to know what Coronavirus is?,-1,0.9380952096979335
139,Coronavirus Recommendations,Pregnant,What should a pregnant woman do to stay safe from the Coronavirus?,-1,0.8807106847086729
140,Coronavirus Recommendations,Children,What is the likelihood my children will contract Coronavirus?,-1,0.7883315174346343
141,Coronavirus Recommendations,Mask,Do masks protect me from the Coronavirus?,-1,0.8861443370015835
142,Coronavirus Recommendations,Swimming Hall,Is it safe to swim during the Coronavirus outbreak?,-1,0.9447485408023047
143,About Coronavirus,Status,ma name jef,-1,0.25279039308889295
144,About Coronavirus,Strategy,watadarastage,-1,0.26808707510727986
145,About Coronavirus,Testing,whomsulbetest,-1,0.24281798140453076
146,About Coronavirus,Fear,really much,-1,0.9817639940212968
117,Coronavirus Recommendations,Citizen,As a conscious resident of the U.S. how can I mitigate the spread of the virus?,-1,0.4705336731892242
150,Coronavirus Recommendations,Swimming Hall,Am I at risk for Corona at a swimming pool?,-1,0.9378303141728327
96,Employer Guidelines,Refusal To Work,fire them immediately.,-1,0.8812335862049605
94,Coronavirus Recommendations,Returning From Travel,pray,-1,1.000652233956211
65,Coronavirus Recommendations,Contact With Infected,my friend was confirmed with coronavirus. what should I do? ,-1,0.693659476670097
66,Coronavirus Recommendations,Pet,should I do anything if my dog has coronavirus,-1,0.9689467452126009
67,About Coronavirus,Coronavirus Versus Influenza,are there any resemblances between coronavirus and influenza?  ,-1,0.6917509140999144
68,About Coronavirus,Symptoms,what are symptoms of coronavirus infection? ,-1,0.9524500547021205
69,About Coronavirus,Methods of Transmission,how can i get infected with Coronavirus? ,-1,0.9254306105212794
70,About Coronavirus,Treatment,is there a treatment for coronavirus,-1,0.94524827504608
71,About Coronavirus,What Is Coronavirus,what is exactly coronavirus? ,-1,0.9811480430259476
72,About Coronavirus,What Do We Know About Coronavirus,do we know how coronavirus impacts the humas ,-1,0.49476809479324224
73,Coronavirus Recommendations,Employer,what is the employer supposed to do to protect the employees? ,-1,0.9732496246268375
75,Coronavirus Recommendations,Illness,what should I do if I got infected with covid-19?_,-1,0.9610359524393407
76,Contact,Hotline,where can I find info about coronavirus? _,-1,0.9467439388514284
77,Contact,Hotline,what is the phone number for coronavirus hotline? _,-1,0.8923049238946
95,Employer Guidelines,Sick Employee,fire them immediately.,-1,0.8812335862049605
78,Coronavirus Recommendations,Precautions,can i travel? _,-1,0.978229477433975
80,Coronavirus Recommendations,Pregnant,Should I be isolating if I am pregnant?,-1,0.6430347633717627
82,Coronavirus Recommendations,Mask,Should we be wearing N95 masks to protect us?,-1,0.8657169572248052
83,Coronavirus Recommendations,Swimming Hall,Is it safe to go swimming?,-1,0.9516587621973644
84,Coronavirus Recommendations,Precautions,What do I need to do if I'm going away?,-1,0.7246798437949431
85,Coronavirus Recommendations,Returning From Travel,What do I need to do if I'm coming back home from another country?,-1,0.9592817090726792
86,Coronavirus Recommendations,Pet,Shoot it,-1,0.48618239979103717
87,Coronavirus Recommendations,People At Risk,all humans,-1,0.9163381637017975
88,Coronavirus Recommendations,Actions If At Risk,send thoughts and prayers,-1,0.687450091355405
89,Coronavirus Recommendations,Pregnant,buy diapers.,-1,0.7727552089348688
90,Coronavirus Recommendations,Children,"yes, as their parents WILL die",-1,0.8101212859690973
91,Coronavirus Recommendations,Mask,not unless it's halloween,-1,0.35938832113008845
93,Coronavirus Recommendations,Precautions,don't travel,-1,0.978229477433975
79,Coronavirus Recommendations,Actions If At Risk,What should I do if I'm in an at risk group?,-1,0.9400419135424906
277,Coronavirus Recommendations,Pet,what should I do with my cat now that I'm sick with corona? Can I get it checked too?,-1,0.825409634239106
249,Coronavirus Recommendations,Educating Children On Coronavirus,"my child is only 2 years old, how do I teach him to behave properly during corona",-1,0.8660473992808859
279,About Coronavirus,What Do We Know About Coronavirus,what do you as a chatbot know about corona that I can't read in the news?,-1,0.6212831417718179
397,About Coronavirus,Infection Of Pets,Are pets susceptible to infection?,-1,0.672699794351304
398,About Coronavirus,Infected Twice,Is it likely to be infected twice?,-1,0.955463595878104
399,About Coronavirus,Incubation Period,Please inform me about the incubation time for infection?,-1,0.9064095054290128
400,About Coronavirus,How Many Infected,How many has been infected by the corona?,-1,0.9469228004001212
401,Coronavirus Recommendations,Health Authority Recommendations,What is the recommendations of the Board of Health?,-1,0.697153029013469
402,About Coronavirus,What Is Coronavirus,I need to know about the corona. What is it?,-1,0.9615441928653288
405,About Coronavirus,Fear,Do I need to be afraid of the outbreak?,-1,0.980843942140003
406,About Coronavirus,What Do We Know About Coronavirus,What is the current knowledge around the corona outbreak?,-1,0.705673202060324
407,Coronavirus Recommendations,Pet,What do I do with my dog if I got a positive corona test?,-1,0.9699544615879285
408,Employer Guidelines,Refusal To Travel,can an employee be forced to travel for work during coronavirus,-1,0.8627463892184314
409,Employer Guidelines,Vacation,Can I change my vacation schedule due to coronavirus,-1,0.9489652241025519
410,Gatherings,Cancelling Gathering,What's that about the government recommending the cancellation of gatherings?,-1,0.9717130410005377
411,Gatherings,Arranging Gathering,"I'm arranging a party, is there something in particular I should do to prepare?",-1,0.8908981696966717
396,About Coronavirus,Infection Through Food,Is it possible to get infected through food?,-1,0.9599677854385245
412,Gatherings,Gathering Precautions,Which precautions should I take if I'm arranging a party?,-1,0.9371744793776848
414,Coronavirus Recommendations,Curfew,Is there a curfew in effect and at what hours?,-1,0.8346791493294973
415,Coronavirus Recommendations,Border,Is the border effectively closed now or can people still cross?,-1,0.9033837024942097
416,Coronavirus Recommendations,Visiting Elderly,Can I still visit my nan in her home?,-1,0.7256330224242409
417,Coronavirus Recommendations,Public Transport,Is it fine if I use public transport?,-1,0.8257034785668202
418,Coronavirus Recommendations,Actions At Home,Do I have to perform particular actions at home to keep myself and my family safe?,-1,0.8306234418224938
419,Coronavirus Recommendations,Educating Children On Coronavirus,How can I speak to my children about the virus?,-1,0.7560433260097512
420,Coronavirus Recommendations,Student,"As a student, what can I do?",-1,0.962050572298064
421,Employer Guidelines,Sick Employee,"One of my subordinates has been infected with Coronavirus, what should I do about that?",-1,0.6635882458581892
422,Employer Guidelines,Refusal To Work,"One of my employees is saying that they're not coming to work because of the virus, what are my options?",-1,0.8560157810990492
423,Employer Guidelines,Vacation,Can scheduled vacation be changed if an employee is prevented from taking their vacation due to travel restrictions and such?,-1,0.9015048228442478
424,Employer Guidelines,Daycare,"My employee has tried to get someone to care for their child, but has thus far been unsuccessful. What can I do as an employer?",-1,0.6547194908018267
425,Employer Guidelines,Quarantine,"One of my employees has been quarantined as per the recommendation of the government/health services, what can I do?",-1,0.7911321968219868
426,Contact,Hotline,I'd like to contact the coronavirus hotline,-1,0.9456913399659859
413,Coronavirus Recommendations,Purchasing Groceries,Can I still go to the grocery store?,-1,0.9647110494726628
427,Coronavirus Recommendations,Children,Do I have to worry about my child contracting the virus?,-1,0.9467866330441901
395,About Coronavirus,Mortality Rate,What is the mortality due to the outbreak?,-1,0.9315354454923649
393,Coronavirus Recommendations,Contact With Infected,I have been close to a human who has been tested corona positive. What to do?,-1,0.9433746629934109
365,Coronavirus Recommendations,Returning From Travel,"Which rules do I have to follow, when returning from a foreign country?",-1,0.8385762917602383
366,Coronavirus Recommendations,Postponed Surgeries,What are the types of surgeries that has been postponed?,-1,0.9201062384543383
367,Coronavirus Recommendations,Closed Shops,Which shops are closed due to the corona?,-1,0.9637270103663872
368,Coronavirus Recommendations,Sick Child,What do I do if my child gets ill?,-1,0.9510605447200807
369,Coronavirus Recommendations,Purchasing Groceries,Is it OK to still go shopping?,-1,0.8901157161935
370,Coronavirus Recommendations,Curfew,Has the curfew been set in place?,-1,0.7590316484780293
371,Coronavirus Recommendations,Border,I have a question regarding the close down of the border?,-1,0.8167291966438461
372,Coronavirus Recommendations,Visiting Elderly,Is it OK for me still til visit senior citizens in their home or at their nursing homes?,-1,0.7464010261537812
373,Coronavirus Recommendations,Public Transport,How can public transportation be used during the outbreak?,-1,0.9855437557111167
374,Coronavirus Recommendations,Actions At Home,What can be done at home to minimize the risk of being infected with the virus?,-1,0.7962460358257735
375,Employer Guidelines,Daycare,"Schools and daycares are closed due to the outbreak. What is my rights as an employer, when employees do not have the opportunity to have someone to look after their child? ",-1,0.8501976930938261
376,Employer Guidelines,Quarantine,"What do I do as an employer, when one of my employees is in quarantine",-1,0.9550884169749247
377,Contact,Hotline,I have the need for a hotline,-1,0.9796235225751335
394,About Coronavirus,Pandemic,Please explain what pandemic is ,-1,0.9558245163852411
378,Coronavirus Recommendations,Employer,I am an employer. How do I protect my employees?,-1,0.9652507376022899
380,Coronavirus Recommendations,Student,Where do I find info and recommendations for student during an outbreak?,-1,0.9662403199505366
381,Employer Guidelines,Sick Employee,What of my employees (I'm the employer) has been affected by the virus. What to do?,-1,0.7270225660373105
382,Employer Guidelines,Refusal To Work,"I'm employer. What is my rights, when an employee refuses to work due to the outbreak?",-1,0.9532805296143493
383,Employer Guidelines,Refusal To Travel,Are my employees allowed to deny business related travels due to the outbreak? ,-1,0.7400456656453727
384,Employer Guidelines,Vacation,"An employee had planned her vacation, but she is not able to fulfill it due to the current corona situation. Can it be changed or rescheduled? ",-1,0.8194542559772287
385,About Coronavirus,Symptoms,"If I am infected by the virus, which symptoms will I then experience?",-1,0.6986171399585267
278,Coronavirus Recommendations,People At Risk,who is especially prone to get sick,-1,0.9240031189706447
387,About Coronavirus,Treatment,how is the disease treated,-1,0.9766466543126375
388,About Coronavirus,Coronavirus Versus Influenza,Is the corona outbreak equal to the flu?,-1,0.8257999328578873
389,About Coronavirus,Latest News,The latest news re the outbreak,-1,0.986039395263247
390,About Coronavirus,Status,what is the current situation for the corona outbreak?,-1,0.9291429576526821
391,Coronavirus Recommendations,Public Spaces,What are the recommendations for entering a public space?,-1,0.7644087169128815
392,Coronavirus Recommendations,Illness,What do I do if I get ill,-1,0.9493419072473611
379,Coronavirus Recommendations,Educating Children On Coronavirus,How do I teach my child about the corona virus?,-1,0.9333793348487054
364,Coronavirus Recommendations,Swimming Hall,i usually swim in a indoor swimming pool. Am I at risk,-1,0.7937437577565808
428,Coronavirus Recommendations,Mask,"I see everyone wearing masks nowadays, is that something I should be doing?",-1,0.7485756176447106
430,Coronavirus Recommendations,Precautions,Are there special precautions I have to take if I'm travelling abroad?,-1,0.8690191214501877
466,About Coronavirus,Methods of Transmission,How does the virus get transmitted?,-1,0.9719690215340888
467,About Coronavirus,Treatment,Is there a treatment plan for coronavirus?,-1,0.9164716175515506
468,About Coronavirus,What Is Coronavirus,What is COVID-19?,-1,0.9801576040074877
469,About Coronavirus,Fear,How serious we should be about Coronavirus?,-1,0.965240344468402
470,About Coronavirus,Incubation Period,What is the incubation period of Coronavirus?,-1,0.9719744449066586
471,About Coronavirus,Treatment,How does the virus get treated?,-1,0.9670200459466458
473,About Coronavirus,Pandemic,What a definition of pandemic?,-1,0.9396919143202148
475,About Coronavirus,Mortality Rate,What is the mortality rate of Coronavirus?,-1,0.9582278765506712
476,About Coronavirus,Infection Through Food,Is it possible to get infected with Coronavirus through food?,-1,0.9469120228700906
478,About Coronavirus,Infected Twice,Can I get infected more than once with coronavirus?,-1,0.9254306105212794
479,About Coronavirus,How Many Infected,What is the number of infected people?,-1,0.9306587613856789
481,Coronavirus Recommendations,Public Spaces,How should I behave in the public space?,-1,0.9141145743377309
482,Coronavirus Recommendations,Citizen,How do I minimize the spread of Coronavirus,-1,0.9674684057197691
465,About Coronavirus,Testing,Who is eligible for coronavirus test?,-1,0.5924764818559948
483,Coronavirus Recommendations,Not At Risk,"I am not at risk, what do I do to stay so.",-1,0.9427198952315506
485,Coronavirus Recommendations,Doctor,What symptoms do you have to have before you go to a medical doctor ,-1,0.7953285909112048
486,Coronavirus Recommendations,Pet,What do I do about my pet when tested positive for Corona virus ,-1,0.9616557892264554
487,Coronavirus Recommendations,People At Risk,Who is especially at risk for catching Corona and get ill ,-1,0.9219890698554182
488,Coronavirus Recommendations,Actions If At Risk,What do I do if I am at risk ,-1,0.9653363177836805
489,Coronavirus Recommendations,Pregnant,I am pregnant what to do to protect myself ,-1,0.9886193007368643
490,Coronavirus Recommendations,Children,Is children especially at risk catching Corona ,-1,0.9281284109800082
491,Coronavirus Recommendations,Mask,Do I have to wear a mask to avoid catching Corona ,-1,0.9667957743333083
492,Coronavirus Recommendations,Swimming Hall,Is it dangerous to go swimming in a public bathroom ,-1,0.7989975560446456
493,Coronavirus Recommendations,Precautions,I have to travel how do I protect myself ,-1,0.977185348753528
494,Coronavirus Recommendations,Returning From Travel,I am coming back from abroad what do I do to avoid infection people ,-1,0.9570963262331084
495,Coronavirus Recommendations,Postponed Surgeries,What sorts of operations has been postponed due to Corona ,-1,0.6741380150456384
496,Coronavirus Recommendations,Not At Risk,im not at risk. what do i do,-1,0.9788338206720436
497,Coronavirus Recommendations,Infection Prevention,ho to prevent infection,-1,0.7732587074267118
484,Coronavirus Recommendations,Infection Prevention,How do I best avoid to be infected ,-1,0.7155905990145915
429,Coronavirus Recommendations,Swimming Hall,"If I go swimming, am I at risk of infection?",-1,0.924248173279432
464,About Coronavirus,Symptoms,What are the symptoms of a nCov infection?,-1,0.6560350544924721
462,Coronavirus Recommendations,Illness,"I'm sick, what do I do?",-1,0.9757549579022456
431,Coronavirus Recommendations,Returning From Travel,"I've just returned from [country], is there anything special I should be aware of or something I should do?",-1,0.7812359351359636
432,Coronavirus Recommendations,Postponed Surgeries,"I was scheduled to have rhinoplasty, are those kinds of surgeries postponed?",-1,0.8629028877094197
433,Coronavirus Recommendations,Closed Shops,Which shops are still closed?,-1,0.9720201017642301
434,Coronavirus Recommendations,Contact With Infected,"I've shaken hands with someone who is Coronavirus positive, what should I do?",-1,0.7703051549271371
436,Coronavirus Recommendations,Citizen,Is tehre anything in particular I can do as a citizen to help coronavirus pass faster?,-1,0.7297348648452409
437,Coronavirus Recommendations,Not At Risk,"I'm young, healthy, and have no known underlying illnesses, is there anything I should be aware of?",-1,0.751949758795474
438,Coronavirus Recommendations,Infection Prevention,How do I stop myself from getting coronavirus?,-1,0.8286636407949253
440,Coronavirus Recommendations,Pet,I've tested positive for corona. What should I do about my pet?,-1,0.9706791937435586
441,Coronavirus Recommendations,People At Risk,Who is at risk when it comes to coronavirus?,-1,0.8873474992504727
442,Coronavirus Recommendations,Actions If At Risk,I'm 85 old. What should I do?,-1,0.8832843791149383
443,Coronavirus Recommendations,Pregnant,I'm 36 weeks pregnant. Is there anything I need to do?,-1,0.8701046761050326
444,Coronavirus Recommendations,Sick Child,"My child is sick, should I be doing something in particular?",-1,0.8707998899925752
445,About Coronavirus,Status,What's teh status on corona?,-1,0.6815479385550564
463,About Coronavirus,What Do We Know About Coronavirus,What do you know about coronavirus?,-1,0.9617339857126787
446,About Coronavirus,Strategy,Is there a current strategy from the government?,-1,0.9818935951025188
448,About Coronavirus,Fear,How scared should I be of corona?,-1,0.9755837878508202
449,About Coronavirus,Incubation Period,How long does the virus incubate?,-1,0.8752901204640839
450,About Coronavirus,Coronavirus Versus Influenza,Isn't corona and influenza just the same thing?,-1,0.7037947376076651
451,About Coronavirus,Latest News,Is there any news on the virus?,-1,0.9046133346932445
452,About Coronavirus,Pandemic,"I wanted to ask what a pandemic was, is that a videogame?",-1,0.655581284079077
453,About Coronavirus,Status,What is current situation of Coronavirus? ,-1,0.9090778165655288
454,About Coronavirus,Mortality Rate,What percentage of people die from coronavirus?,-1,0.7568245874285788
455,About Coronavirus,Infection Through Food,can you get coronavirus from takeaway food?,-1,0.7815130215377731
456,About Coronavirus,Strategy,What is the government's current strategy regarding Coronavirus?,-1,0.836389573452657
457,About Coronavirus,Infection Of Pets,Can my dog get coronavirus?,-1,0.962305219701119
458,About Coronavirus,Infected Twice,Is it possible to get infected twice?,-1,0.96430452996434
459,About Coronavirus,How Many Infected,What's the current number of infected people?,-1,0.9497448547792583
461,Coronavirus Recommendations,Public Spaces,Should I be doing anything in particular when I'm in public spaces?,-1,0.8990464676755678
447,About Coronavirus,Testing,I want to inquire as to who should undergo testing,-1,0.6464269050916533
363,About Coronavirus,What Is Coronavirus,what is it exactly and why do you get so sick?,-1,0.9755706280379778
386,About Coronavirus,Methods of Transmission,How is the disease transmitted?,-1,0.983034772486894
361,About Coronavirus,Infection Through Food,can I get sick through food if I get my food delivered,-1,0.8714787068692033
311,About Coronavirus,Infected Twice,Can I get infected more than once?,-1,0.9447096393199065
309,About Coronavirus,Infection Through Food,Can I contract Coronavirus through food?,-1,0.919582366767441
308,About Coronavirus,Mortality Rate,What is mortality rate of Coronavirus?,-1,0.9582278765506712
306,About Coronavirus,Incubation Period,What is the incubation period of COVID-19?,-1,0.9805435270750462
305,About Coronavirus,Fear,How afraid should I be of Coronavirus?,-1,0.9702653252346084
303,About Coronavirus,Strategy,What is the current strategy for COVID-19?,-1,0.9864834853585207
312,Gatherings,Gathering Precautions,"As an event organizer, what actions do I need to take?",-1,0.9304973842969256
302,About Coronavirus,Status,What is the status of Coronavirus?,-1,0.9676415482921394
299,About Coronavirus,Strategy,what is the current strategy in my state,-1,0.766088269620763
298,About Coronavirus,Status,what is the status on the pandemi worldwide,-1,0.9695621016924415
297,About Coronavirus,Latest News,give me the latest status from my country,-1,0.7902206100898486
337,Coronavirus Recommendations,Postponed Surgeries,I would like to know which surgeries have been postponed,-1,0.9396132925838053
338,Coronavirus Recommendations,Health Authority Recommendations,what do the health authorities command,-1,0.7937353653417875
330,About Coronavirus,Testing,who should get tested,-1,0.9670074537376598
300,Coronavirus Recommendations,Not At Risk,Do I have to take some special measure if I don't belong any risk group?,-1,0.8397237993075688
313,About Coronavirus,How Many Infected,How many have been infected by Coronavirus?,-1,0.9448607544337824
315,Coronavirus Recommendations,Infection Prevention,How can I prevent to be infected?,-1,0.9634175252802377
317,Coronavirus Recommendations,Pet,What can I do with my pet if I have tested positive for Coronavirus?,-1,0.9693295049493219
331,Coronavirus Recommendations,Precautions,What precautions do I need to take if I am going travelling?,-1,0.9625064958379059
328,Coronavirus Recommendations,Swimming Hall,Am I at risk of infection if I go swimming in a swimming hall?,-1,0.8305107058643851
332,Coronavirus Recommendations,Pregnant,"I'm pregnant, what are my precautions?",-1,0.9604621143550336
327,Coronavirus Recommendations,People At Risk,who are particularly prone to infection and subsequent illness?,-1,0.8284849060884344
326,Coronavirus Recommendations,Mask,should I be wearing a mask?,-1,0.9836136972677333
323,Coronavirus Recommendations,Pet,How do I treat my pet if I get infected with the virus?,-1,0.9547289798660995
333,Coronavirus Recommendations,Employer,"even if people don't have their kids at home from next week, should I tell my employees to stay home?",-1,0.8067364892113981
322,Coronavirus Recommendations,Doctor,What symptoms should I have before I visit my doctor?,-1,0.9483196262669714
362,About Coronavirus,Coronavirus Versus Influenza,are Covid-19 and influenza the same?,-1,0.9723820905637177
320,Coronavirus Recommendations,Infection Prevention,Please tell me how I can avoid infection?,-1,0.8896993504853782
334,Coronavirus Recommendations,Returning From Travel,What can I do if I am returning from travelling abroad?,-1,0.9603474179926289
335,Coronavirus Recommendations,Citizen,what can I do as a citizen to avoid spreading the virus,-1,0.9022954163330853
319,Coronavirus Recommendations,People At Risk,Who are especially at risk of infection?,-1,0.884312200176483
318,Coronavirus Recommendations,Not At Risk,I'm not part of any known risk groups. What is my actions?,-1,0.896670281992132
336,Coronavirus Recommendations,Not At Risk,"i don't think I'm at risk, do I need to take any precautions?",-1,0.8315952935569129
340,Coronavirus Recommendations,Illness,I'm sick what do i do,-1,0.9757549579022456
341,Coronavirus Recommendations,Closed Shops,Which kinds of shops are closed due to Coronavirus?,-1,0.9529586450386182
339,Coronavirus Recommendations,Public Spaces,"i can't stay home all day, what do I do out in public?",-1,0.9272806293120835
296,Coronavirus Recommendations,Citizen,How can I minimize the spread of Coronavirus?,-1,0.9674684057197691
342,Coronavirus Recommendations,Children,Are children are particularly prone to infection?,-1,0.9002042434759401
286,About Coronavirus,Methods of Transmission,how does it infect people,-1,0.9544914356232457
285,Contact,Hotline,I want to contact with a hotline,-1,0.97592453817829
284,Employer Guidelines,Quarantine,What can I do if one of my employees is under quarantine?,-1,0.9679047085621133
353,Coronavirus Recommendations,Swimming Hall,"Am I exposed for infections, if i swim in a public pool",-1,0.810395735525138
354,About Coronavirus,Incubation Period,how long does it take for the virus to have an effect in my body?,-1,0.8544203545716417
355,About Coronavirus,Coronavirus Versus Influenza,is coronavirus the same that influenza?,-1,0.9578272586439176
356,Coronavirus Recommendations,Precautions,"I should I behave, if I'm travelling?",-1,0.9661180266242133
283,About Coronavirus,Symptoms,what are the symptoms ,-1,0.9931510818597324
282,Employer Guidelines,Daycare,What can I do if an employee is unable to get anyone to care for their child?,-1,0.783805866270322
281,Coronavirus Recommendations,Citizen,How can I as a citizen do to minimize the spread of corona virus?,-1,0.894258430902398
358,About Coronavirus,Pandemic,what is the difference between epidemi and pandemi,-1,0.8050286614830904
359,About Coronavirus,What Do We Know About Coronavirus,what do we know about Covid-19?,-1,0.9786493076715748
280,Employer Guidelines,Vacation,Can an employee change vacation due to Coronavirus?,-1,0.9399372116121075
360,About Coronavirus,Mortality Rate,how many dies from corona. in percentage,-1,0.768455088092795
351,About Coronavirus,Infected Twice,can I get sick again from coronoa,-1,0.5991738340592668
287,Gatherings,Cancelling Gathering,Why does the government recommend cancelling gatherings of people?,-1,0.9650386948190112
352,About Coronavirus,How Many Infected,how many in total has been sick with corona,-1,0.7365217848059606
289,Gatherings,Gathering Precautions,What precautions can I take when arranging a gathering of people?,-1,0.9548190553522217
344,Coronavirus Recommendations,Contact With Infected,I was close to a person last week who now tells me she is sick woith corona. can I expect to be sick also?,-1,0.7067754653550435
294,Coronavirus Recommendations,Contact With Infected,What can I do if I have been in contact with an infected person for COVID-19?,-1,0.9643991039240127
345,About Coronavirus,Treatment,How is Covid-19 treated?,-1,0.988993478032904
293,Coronavirus Recommendations,Illness,What can I do if I have fallen ill?,-1,0.7138438405886505
288,Gatherings,Arranging Gathering,what can I do if I am arranging a gathering of people?,-1,0.9300607625170969
347,About Coronavirus,Fear,"do I need to be scared? Trump isn't scared, why should I",-1,0.9161549819803773
292,About Coronavirus,Coronavirus Versus Influenza,is it the same as a bad flu? ,-1,0.9586338706044802
348,Coronavirus Recommendations,Mask,Do I need to wear a mask?,-1,0.9764236232508213
291,Coronavirus Recommendations,Public Spaces,How can I act in public spaces?,-1,0.9145192585703571
290,About Coronavirus,Treatment,I'm sick. how can I treat corona from home,-1,0.9611461161928598
349,About Coronavirus,Infection Of Pets,can my pet pig get sick from corona?,-1,0.7307489359841105
329,Coronavirus Recommendations,Actions If At Risk,How should I react if I'm part of the risk groups? ,-1,0.8772155957040383
713,Employer Guidelines,Daycare,_,0,6.225071693019317e-17
7,Coronavirus Recommendations,Health Authority Recommendations,What should I do?,0,6.225071693019317e-17
800,About Coronavirus,Incubation Period,_,0,6.225071693019317e-17
759,Coronavirus Recommendations,Precautions,_,0,6.225071693019317e-17
785,Coronavirus Recommendations,Not At Risk,_,0,6.225071693019317e-17
816,Employer Guidelines,Quarantine,_,0,6.225071693019317e-17
33,Coronavirus Recommendations,Health Authority Recommendations,_,0,6.225071693019317e-17
817,Coronavirus Recommendations,Returning From Travel,_,0,6.225071693019317e-17
1,Coronavirus Recommendations,People At Risk,_,0,6.225071693019317e-17
752,Gatherings,Gathering Precautions,_,0,6.225071693019317e-17
0,Coronavirus Recommendations,Pet,_,0,6.225071693019317e-17
127,About Coronavirus,Coronavirus Versus Influenza,_,0,6.225071693019317e-17
133,Coronavirus Recommendations,Health Authority Recommendations,_,0,6.225071693019317e-17
173,About Coronavirus,Coronavirus Versus Influenza,_,0,6.225071693019317e-17
123,About Coronavirus,What Do We Know About Coronavirus,_,0,6.225071693019317e-17
134,Coronavirus Recommendations,Public Spaces,_,0,6.225071693019317e-17
132,About Coronavirus,Fear,_,0,6.225071693019317e-17
126,About Coronavirus,Treatment,_,0,6.225071693019317e-17
135,Coronavirus Recommendations,Illness,_,0,6.225071693019317e-17
828,Coronavirus Recommendations,Visiting Elderly,_,0,6.225071693019317e-17
136,Coronavirus Recommendations,Contact With Infected,_,0,6.225071693019317e-17
825,Coronavirus Recommendations,Postponed Surgeries,_,0,6.225071693019317e-17
137,Coronavirus Recommendations,Employer,_,0,6.225071693019317e-17
124,About Coronavirus,Symptoms,_,0,6.225071693019317e-17
138,Coronavirus Recommendations,Citizen,_,0,6.225071693019317e-17
830,Coronavirus Recommendations,Visiting Elderly,_,0,6.225071693019317e-17
131,About Coronavirus,Testing,_,0,6.225071693019317e-17
130,About Coronavirus,Strategy,_,0,6.225071693019317e-17
149,Employer Guidelines,Sick Employee,no,0,6.225071693019317e-17
844,Coronavirus Recommendations,Closed Shops,_,0,6.225071693019317e-17
823,Coronavirus Recommendations,Actions At Home,_,0,6.225071693019317e-17
128,About Coronavirus,Latest News,_,0,6.225071693019317e-17
841,Coronavirus Recommendations,Postponed Surgeries,_,0,6.225071693019317e-17
842,Coronavirus Recommendations,Returning From Travel,_,0,6.225071693019317e-17
129,About Coronavirus,Status,_,0,6.225071693019317e-17
125,About Coronavirus,Methods of Transmission,_,0,6.225071693019317e-17
5,About Coronavirus,Testing,Who should be tested?,1,2.070173254640272e-17
557,About Coronavirus,Testing,who is being tested,1,2.070173254640272e-17
404,About Coronavirus,Testing,Who should be tested?,1,2.070173254640272e-17
110,About Coronavirus,Testing,Who should be tested?,1,2.070173254640272e-17
304,About Coronavirus,Testing,Who should be tested?,1,2.070173254640272e-17
316,Coronavirus Recommendations,Doctor,When should I go to the doctor?,2,7.885262345903408e-17
787,Coronavirus Recommendations,Doctor,When should i go to the doctor?,2,7.885262345903408e-17
849,Coronavirus Recommendations,Doctor,When do I have to go to the doctor?,2,7.885262345903408e-17
56,Coronavirus Recommendations,Doctor,when should I go to the doctor+,2,7.885262345903408e-17
439,Coronavirus Recommendations,Doctor,When can I go to the doctor?,2,7.885262345903408e-17
606,Coronavirus Recommendations,Doctor,Should I go to the doctor?,2,7.885262345903408e-17
74,About Coronavirus,Symptoms,what are coronavirus symptoms? _,3,2.3556397501510477e-17
350,About Coronavirus,Symptoms,What are the symptoms for Coronavirus?,3,2.3556397501510477e-17
810,About Coronavirus,Symptoms,What are the symptoms of coronavirus?,3,2.3556397501510477e-17
756,Coronavirus Recommendations,Children,Does my children are in risk?,4,0.0
107,Coronavirus Recommendations,Children,Are children at risk from this?,4,0.0
325,Coronavirus Recommendations,Children,are children at risk?,4,0.0
81,Coronavirus Recommendations,Children,What is the risk to my children?,4,0.0
120,Coronavirus Recommendations,Contact With Infected,Yes,5,0.0
92,Coronavirus Recommendations,Swimming Hall,yes,5,0.0
148,Coronavirus Recommendations,Student,yes,5,0.0
98,Employer Guidelines,Vacation,yes,5,0.0
106,Coronavirus Recommendations,Pregnant,What should I do if I am pregnant?,6,0.0
324,Coronavirus Recommendations,Pregnant,What can I do if I am pregnant?,6,0.0
753,Coronavirus Recommendations,Pregnant,What to do if i am pregnant?,6,0.0
220,Coronavirus Recommendations,Pregnant,what do i do if being pregnant?,6,0.0
403,About Coronavirus,Strategy,What is the current strategy?,7,8.446428993641373e-17
109,About Coronavirus,Strategy,What is the current strategy,7,8.446428993641373e-17
572,About Coronavirus,Strategy,what is the current strategy,7,8.446428993641373e-17
314,Coronavirus Recommendations,Health Authority Recommendations,What are the Health Authority recommendations?,8,2.3001701075390128e-17
460,Coronavirus Recommendations,Health Authority Recommendations,What does the health authority recommend?,8,2.3001701075390128e-17
778,Coronavirus Recommendations,Health Authority Recommendations,What Health authorities recommends?,8,2.3001701075390128e-17
112,Coronavirus Recommendations,Health Authority Recommendations,What are the recommendations of our health authorities?,8,2.3001701075390128e-17
480,Coronavirus Recommendations,Health Authority Recommendations,What are the recommendations of Health Authority?,8,2.3001701075390128e-17
474,Coronavirus Recommendations,Curfew,Is there a curfew?,9,5.124770904317145e-17
802,Coronavirus Recommendations,Curfew,Is a curfew on?,9,5.124770904317145e-17
178,Coronavirus Recommendations,Curfew,is there a curfew,9,5.124770904317145e-17
521,Coronavirus Recommendations,Curfew,is there a curfew,9,5.124770904317145e-17
157,Coronavirus Recommendations,Curfew,When is curfew?,9,5.124770904317145e-17
768,Coronavirus Recommendations,Curfew,Is there a curfew now?,9,5.124770904317145e-17
158,Coronavirus Recommendations,Border,Is the border closed?,10,6.728380833202611e-17
262,Coronavirus Recommendations,Border,Is the border closed?,10,6.728380833202611e-17
631,Coronavirus Recommendations,Border,Are borders closed? ,10,6.728380833202611e-17
770,Coronavirus Recommendations,Border,Which borders are closed?,10,6.728380833202611e-17
179,Coronavirus Recommendations,Border,are the borders closed,10,6.728380833202611e-17
357,About Coronavirus,What Is Coronavirus,What is coronavirus?,11,0.0
196,About Coronavirus,What Is Coronavirus,what is coronavirus,11,0.0
704,About Coronavirus,What Is Coronavirus,What is coronavirus?,11,0.0
649,About Coronavirus,What Is Coronavirus,what is the coronavirus,11,0.0
435,Coronavirus Recommendations,Employer,What can I do to protect my employees?,12,3.9700161530937415e-17
782,Coronavirus Recommendations,Employer,How can i protect my employees?,12,3.9700161530937415e-17
295,Coronavirus Recommendations,Employer,What can I do to protect my employees?,12,3.9700161530937415e-17
804,About Coronavirus,Latest News,What are the latest news about coronavirus?,13,6.570240564919285e-17
301,About Coronavirus,Latest News,Latest news on Coronavirus,13,6.570240564919285e-17
698,About Coronavirus,Latest News,What are the latest news on Coronavirus?,13,6.570240564919285e-17
1037,About Coronavirus,Pandemic,What is a pandemic?,14,1.1014128063757933e-17
710,About Coronavirus,Pandemic,what is a pandemic,14,1.1014128063757933e-17
573,About Coronavirus,Pandemic,what is a pandemic?,14,1.1014128063757933e-17
307,About Coronavirus,Pandemic,What is a pandemic?,14,1.1014128063757933e-17
772,About Coronavirus,Pandemic,What is pandemic?,14,1.1014128063757933e-17
310,About Coronavirus,Infection Of Pets,Can my pet get infected by Coronavirus?,15,2.3980238456326138e-17
775,About Coronavirus,Infection Of Pets,Can pets get infected by coronavirus?,15,2.3980238456326138e-17
477,About Coronavirus,Infection Of Pets,Can pets get infected with Coronavirus?,15,2.3980238456326138e-17
321,Coronavirus Recommendations,Actions If At Risk,What can I do if I am a part of an at risk group?,16,4.692040702016044e-17
722,Coronavirus Recommendations,Actions If At Risk,what should i do if i'm part of an at risk group,16,4.692040702016044e-17
791,Coronavirus Recommendations,Actions If At Risk,What to do if i am a part of the risk group?,16,4.692040702016044e-17
811,About Coronavirus,Methods of Transmission,How can coronavirus be transmitted?,17,9.58094313755945e-17
343,About Coronavirus,Methods of Transmission,How is Coronavirus transmitted?,17,9.58094313755945e-17
542,About Coronavirus,Methods of Transmission,How is the coronavirus transmitted?,17,9.58094313755945e-17
655,About Coronavirus,Pandemic,What does pandemic means ,18,4.1791352937624636e-17
763,About Coronavirus,Pandemic,What a pandemic mean?,18,4.1791352937624636e-17
346,About Coronavirus,Pandemic,What does pandemic mean?,18,4.1791352937624636e-17
745,Contact,Hotline,How can i contact the hotline?,19,4.7525665542083776e-17
472,Contact,Hotline,Can I contact a hotline?,19,4.7525665542083776e-17
720,Contact,Hotline,can i contact a hotline,19,4.7525665542083776e-17
1036,About Coronavirus,What Do We Know About Coronavirus,What do we know about corona?_,20,3.254286596915403e-17
853,About Coronavirus,Symptoms,how do I know if I have Corona?,20,3.254286596915403e-17
537,About Coronavirus,What Do We Know About Coronavirus,What do you know about the corona?,20,3.254286596915403e-17
858,About Coronavirus,Status,how many have died?,21,0.0
708,About Coronavirus,Mortality Rate,how many die of covid19,21,0.0
1022,About Coronavirus,Mortality Rate,how many dies from it?,21,0.0
1023,About Coronavirus,Mortality Rate,how many dies from it?,21,0.0
